0 0 0.0
0 1 91.0494
0 2 102.0049
0 3 91.4385
0 4 70.8378
0 5 117.4436
0 6 47.1275
0 7 110.3177
0 8 61.0328
0 9 68.1836
0 10 11.1803
0 11 72.0625
0 12 87.046
0 13 38.2099
0 14 91.2634
0 15 112.45
0 16 69.4262
0 17 92.1954
0 18 46.0977
0 19 68.1542
0 20 69.2892
0 21 24.1868
0 22 92.8493
0 23 88.0057
0 24 18.9737
0 25 42.72
0 26 90.2718
0 27 18.0278
0 28 106.066
0 29 84.3445
0 30 82.5409
0 31 40.1622
0 32 55.9732
0 33 20.2237
0 34 69.1158
0 35 96.2549
0 36 19.0263
0 37 56.4624
0 38 120.1041
0 39 57.0088
0 40 69.5701
0 41 89.0
0 42 75.5381
0 43 85.3756
0 44 58.2409
0 45 95.3415
0 46 30.0
0 47 95.8593
0 48 50.01
0 49 27.2947
0 50 4.1231
0 51 80.025
0 52 84.7585
0 53 61.8466
0 54 29.5296
0 55 103.4456
0 56 88.2383
0 57 68.9493
0 58 68.0074
0 59 92.2822
0 60 51.0882
0 61 102.45
0 62 53.2353
0 63 81.2219
0 64 95.2575
0 65 111.5034
0 66 37.2022
0 67 85.7088
0 68 62.514
0 69 11.6619
0 70 92.6499
0 71 73.4098
0 72 27.0185
0 73 27.5862
0 74 68.469
0 75 77.0065
0 76 49.6588
0 77 19.6977
0 78 6.4031
0 79 30.4138
0 80 76.4003
0 81 109.8772
0 82 83.678
0 83 58.4209
0 84 2.0
0 85 85.5862
0 86 67.72
0 87 72.0694
0 88 83.8153
0 89 89.9389
0 90 77.0065
0 91 70.6824
0 92 11.4018
0 93 68.9638
0 94 27.6586
0 95 87.6641
0 96 13.1529
0 97 73.0274
0 98 95.268
0 99 116.7262
1 0 91.0494
1 1 0.0
1 2 88.8651
1 3 66.7308
1 4 71.218
1 5 76.0066
1 6 49.0408
1 7 83.1865
1 8 39.6611
1 9 23.0868
1 10 96.2549
1 11 115.6244
1 12 74.2496
1 13 72.0139
1 14 87.2067
1 15 85.0
1 16 104.7378
1 17 66.4078
1 18 94.1541
1 19 40.3113
1 20 37.4833
1 21 82.5651
1 22 67.3573
1 23 83.6481
1 24 99.2472
1 25 78.3901
1 26 63.5689
1 27 77.1038
1 28 79.6241
1 29 19.6977
1 30 103.2327
1 31 55.3624
1 32 92.0054
1 33 96.7729
1 34 22.0227
1 35 50.4876
1 36 92.6499
1 37 46.3249
1 38 79.0253
1 39 40.2492
1 40 97.5807
1 41 97.9439
1 42 113.1724
1 43 24.3516
1 44 37.3363
1 45 42.19
1 46 61.0737
1 47 36.0139
1 48 41.1947
1 49 99.6243
1 50 90.2718
1 51 124.6515
1 52 32.8938
1 53 35.8469
1 54 67.1863
1 55 54.0093
1 56 39.2938
1 57 36.7696
1 58 114.6342
1 59 94.414
1 60 108.4066
1 61 67.897
1 62 82.801
1 63 13.4536
1 64 46.3897
1 65 66.0076
1 66 76.4853
1 67 15.2315
1 68 105.423
1 69 97.8673
1 70 25.02
1 71 92.8493
1 72 77.7946
1 73 75.5844
1 74 109.2245
1 75 77.666
1 76 84.8764
1 77 73.8241
1 78 95.3362
1 79 92.1141
1 80 78.2368
1 81 75.4255
1 82 109.3435
1 83 33.2415
1 84 93.0484
1 85 9.2195
1 86 99.0353
1 87 86.5563
1 88 33.2415
1 89 67.4166
1 90 121.918
1 91 90.6091
1 92 84.8528
1 93 33.9706
1 94 76.844
1 95 14.8661
1 96 78.0064
1 97 18.0278
1 98 65.2534
1 99 83.2166
2 0 102.0049
2 1 88.8651
2 2 0.0
2 3 22.1359
2 4 31.7648
2 5 31.0483
2 6 69.1231
2 7 15.1327
2 8 62.1289
2 9 86.209
2 10 113.0044
2 11 59.6825
2 12 17.2627
2 13 64.0703
2 14 11.6619
2 15 16.0
2 16 49.7293
2 17 22.4722
2 18 63.2456
2 19 55.0091
2 20 57.0789
2 21 78.1025
2 22 21.5407
2 23 14.1421
2 24 92.6984
2 25 59.5483
2 26 25.2982
2 27 85.1469
2 28 14.3178
2 29 69.2604
2 30 35.1283
2 31 72.111
2 32 52.1536
2 33 89.1403
2 34 85.2877
2 35 40.4969
2 36 86.977
2 37 59.8415
2 38 31.4006
2 39 66.3702
2 40 42.72
2 41 23.0217
2 42 53.3385
2 43 64.5136
2 44 97.1854
2 45 48.8774
2 46 87.0919
2 47 55.5698
2 48 80.895
2 49 85.276
2 50 98.2344
2 51 64.0078
2 52 55.9732
2 53 66.0303
2 54 76.0592
2 55 41.0366
2 56 49.7695
2 57 58.0775
2 58 62.3699
2 59 16.0312
2 60 71.5891
2 61 24.7588
2 62 50.2494
2 63 77.3692
2 64 44.4185
2 65 34.9857
2 66 64.8151
2 67 73.6817
2 68 57.2451
2 69 98.3107
2 70 65.307
2 71 34.9285
2 72 75.0
2 73 74.6324
2 74 55.5428
2 75 25.0
2 76 54.5619
2 77 85.235
2 78 100.6578
2 79 76.4853
2 80 25.6125
2 81 22.8473
2 82 41.0
2 83 88.0909
2 84 103.2327
2 85 93.8616
2 86 45.8803
2 87 32.45
2 88 55.6597
2 89 21.587
2 90 63.1269
2 91 36.2353
2 92 90.6035
2 93 61.131
2 94 74.4043
2 95 100.896
2 96 96.3846
2 97 83.7257
2 98 24.1868
2 99 23.0217
3 0 91.4385
3 1 66.7308
3 2 22.1359
3 3 0.0
3 4 23.0868
3 5 26.4197
3 6 51.8845
3 7 20.6155
3 8 42.45
3 9 65.0077
3 10 101.8627
3 11 67.082
3 12 10.7703
3 13 53.6004
3 14 22.6716
3 15 22.8473
3 16 55.5788
3 17 1.0
3 18 60.8769
3 19 34.5254
3 20 36.2215
3 21 69.0652
3 22 1.4142
3 23 20.2485
3 24 85.9593
3 25 51.8845
3 26 3.1623
3 27 73.5935
3 28 16.1555
3 29 47.1275
3 30 45.6946
3 31 56.3028
3 32 51.4782
3 33 82.365
3 34 64.0
3 35 19.8494
3 36 79.404
3 37 41.6293
3 38 28.8444
3 39 47.1275
3 40 47.3814
3 41 36.0555
3 42 61.8466
3 43 42.3792
3 44 77.1038
3 45 27.6586
3 46 71.5612
3 47 34.2053
3 48 61.9839
3 49 80.1124
3 50 88.0909
3 51 73.7631
3 52 33.8378
3 53 45.8912
3 54 62.9682
3 55 22.8473
3 56 27.7308
3 57 37.2156
3 58 68.469
3 59 30.4795
3 60 72.5603
3 61 11.7047
3 62 45.8803
3 63 55.3173
3 64 23.3452
3 65 23.1948
3 66 55.7584
3 67 51.5461
3 68 61.0328
3 69 90.1388
3 70 43.4166
3 71 39.6232
3 72 65.0
3 73 64.0312
3 74 61.5224
3 75 22.0227
3 76 50.2892
3 77 72.8354
3 78 91.4002
3 79 70.6824
3 80 23.0217
3 81 18.4391
3 82 52.3927
3 83 67.897
3 84 92.957
3 85 71.8053
3 86 50.2494
3 87 34.1321
3 88 33.5261
3 89 2.0
3 90 72.0347
3 91 39.2046
3 92 80.2808
3 93 40.1123
3 94 64.2028
3 95 78.8543
3 96 83.5464
3 97 62.1289
3 98 5.0
3 99 25.6125
4 0 70.8378
4 1 71.218
4 2 31.7648
4 3 23.0868
4 4 0.0
4 5 49.2443
4 6 39.0512
4 7 39.6989
4 8 35.7351
4 9 61.6847
4 10 81.6884
4 11 47.927
4 12 16.2788
4 13 32.6497
4 14 22.561
4 15 41.7732
4 16 36.2491
4 17 24.0416
4 18 37.855
4 19 31.3847
4 20 34.1321
4 21 47.4236
4 22 24.3516
4 23 18.6815
4 24 63.5138
4 25 29.4109
4 26 23.3452
4 27 53.6004
4 28 35.609
4 29 52.345
4 30 32.0156
4 31 41.0
4 32 29.0
4 33 59.9083
4 34 61.0983
4 35 37.4833
4 36 57.2014
4 37 31.4006
4 38 51.4296
4 39 38.833
4 40 28.178
4 41 28.1603
4 42 43.909
4 43 48.8365
4 44 69.5845
4 45 42.3792
4 46 55.6597
4 47 47.4236
4 48 52.0865
4 49 57.2451
4 50 67.2086
4 51 55.9464
4 52 41.4005
4 53 40.1622
4 54 44.2945
4 55 43.0465
4 56 38.4708
4 57 34.9857
4 58 48.3839
4 59 27.0185
4 60 50.04
4 61 34.7851
4 62 22.8035
4 63 58.0086
4 64 39.2938
4 65 46.0977
4 66 33.9706
4 67 56.6392
4 68 40.025
4 69 68.2495
4 70 53.0094
4 71 22.0227
4 72 43.8634
4 73 43.2782
4 74 41.7852
4 75 8.0
4 76 27.2029
4 77 53.535
4 78 70.0357
4 79 47.8853
4 80 8.0623
4 81 40.7063
4 82 38.2099
4 83 61.0
4 84 72.1803
4 85 73.5731
4 86 30.4631
4 87 15.6205
4 88 40.6079
4 89 21.1896
4 90 53.6656
4 91 20.2485
4 92 59.4643
4 93 38.0789
4 94 43.1856
4 95 80.1311
4 96 64.6607
4 97 60.8358
4 98 27.8927
4 99 46.6154
5 0 117.4436
5 1 76.0066
5 2 31.0483
5 3 26.4197
5 4 49.2443
5 5 0.0
5 6 75.4321
5 7 16.1555
5 8 63.8122
5 9 81.6088
5 10 127.6636
5 11 89.0056
5 12 34.2053
5 13 79.8812
5 14 40.05
5 15 16.1245
5 16 78.1601
5 17 25.5539
5 18 86.6487
5 19 55.2268
5 20 55.9464
5 21 95.4149
5 22 25.0599
5 23 40.05
5 24 112.3788
5 25 78.2943
5 26 27.2029
5 27 99.4887
5 28 17.1172
5 29 58.6941
5 30 65.192
5 31 80.7217
5 32 76.6551
5 33 108.7842
5 34 80.3617
5 35 27.2029
5 36 105.8159
5 37 64.8151
5 38 3.1623
5 39 68.7968
5 40 70.3491
5 41 53.4603
5 42 83.0241
5 43 53.7587
5 44 96.0052
5 45 34.3657
5 46 95.7758
5 47 40.05
5 48 83.3547
5 49 106.4519
5 50 114.2016
5 51 94.2603
5 52 46.5725
5 53 66.242
5 54 88.5268
5 55 22.0907
5 56 39.5601
5 57 56.8243
5 58 91.1373
5 59 46.5296
5 60 97.5141
5 61 15.0
5 62 71.8679
5 63 67.897
5 64 30.8058
5 65 10.0
5 66 82.1523
5 67 62.3939
5 68 84.7172
5 69 116.5032
5 70 51.0392
5 71 62.2896
5 72 91.2634
5 73 90.2109
5 74 84.1487
5 75 46.5725
5 76 76.3217
5 77 98.4937
5 78 117.6435
5 79 97.0464
5 80 47.5395
5 81 9.0554
5 82 71.4493
5 83 86.9253
5 84 119.0168
5 85 83.2947
5 86 73.437
5 87 57.8705
5 88 46.8402
5 89 28.178
5 90 93.086
5 91 62.6498
5 92 106.4002
5 93 59.0339
5 94 90.4434
5 95 90.1998
5 96 108.9312
5 97 77.3692
5 98 22.2036
5 99 9.8995
6 0 47.1275
6 1 49.0408
6 2 69.1231
6 3 51.8845
6 4 39.0512
6 5 75.4321
6 6 0.0
6 7 72.45
6 8 13.9284
6 9 29.8329
6 10 55.4617
6 11 71.6101
6 12 51.923
6 13 23.6008
6 14 61.4003
6 15 74.686
6 16 62.2656
6 17 52.3546
6 18 46.7547
6 19 21.6333
6 20 22.3607
6 21 33.7343
6 22 53.2353
6 23 57.4282
6 24 51.1566
6 25 31.1127
6 26 49.7393
6 27 30.2655
6 28 67.9779
6 29 38.0132
6 30 66.4831
6 31 7.0711
6 32 47.4342
6 33 48.3735
6 34 30.0
6 35 51.0882
6 36 44.2832
6 37 10.6301
6 38 78.4092
6 39 10.0499
6 40 56.8595
6 41 66.2722
6 42 70.8308
6 43 38.4708
6 44 31.9531
6 45 48.8774
6 46 20.5183
6 47 48.8467
6 48 13.9284
6 49 50.6952
6 50 45.1221
6 51 81.0247
6 52 37.6962
6 53 15.0333
6 54 19.0
6 55 58.258
6 56 41.6773
6 57 21.9317
6 58 69.6563
6 59 66.0076
6 60 60.6053
6 61 61.0328
6 62 38.5876
6 63 36.8782
6 64 49.4065
6 65 67.897
6 66 28.0179
6 67 40.1123
6 68 60.6053
6 69 51.1566
6 70 45.7056
6 71 55.0818
6 72 28.8617
6 73 26.6833
6 74 65.4599
6 75 47.0425
6 76 39.2046
6 77 27.6586
6 78 49.8197
6 79 43.0813
6 80 47.0106
6 81 69.3397
6 82 71.1688
6 83 24.6982
6 84 49.0408
6 85 46.6476
6 86 57.2451
6 87 50.01
6 88 36.7696
6 89 50.9902
6 90 78.0064
6 91 52.2015
6 92 38.3275
6 93 21.8403
6 94 27.8927
6 95 51.4004
6 96 35.7771
6 97 32.249
6 98 54.3783
6 99 77.1751
7 0 110.3177
7 1 83.1865
7 2 15.1327
7 3 20.6155
7 4 39.6989
7 5 16.1555
7 6 72.45
7 7 0.0
7 8 62.9365
7 9 84.4808
7 10 121.0165
7 11 74.3303
7 12 23.4307
7 13 72.1249
7 14 25.318
7 15 2.2361
7 16 63.9531
7 17 20.2485
7 18 75.1332
7 19 54.8179
7 20 56.2939
7 21 87.1149
7 22 19.3132
7 23 26.2488
7 24 103.0049
7 25 69.029
7 26 23.0868
7 27 92.7631
7 28 4.4721
7 29 64.2806
7 30 50.01
7 31 76.6616
7 32 64.4748
7 33 99.4032
7 34 83.3847
7 35 32.7567
7 36 96.8297
7 37 62.2415
7 38 16.2788
7 39 67.6757
7 40 56.5155
7 41 38.0132
7 42 68.1175
7 43 59.3043
7 44 97.2934
7 45 41.2311
7 46 91.9239
7 47 47.8017
7 48 82.5409
7 49 96.2549
7 50 106.7755
7 51 79.0063
7 52 51.0882
7 53 66.2193
7 54 82.6196
7 55 30.8707
7 56 44.1814
7 57 57.2713
7 58 76.7919
7 59 31.0161
7 60 84.7585
7 61 15.2971
7 62 61.0574
7 63 73.1095
7 64 36.8782
7 65 21.9317
7 66 73.6614
7 67 68.469
7 68 71.0634
7 69 107.9352
7 70 58.4637
7 71 48.5077
7 72 83.4506
7 73 82.7345
7 74 69.8713
7 75 34.9857
7 76 65.5134
7 77 92.3147
7 78 109.7133
7 79 87.0919
7 80 35.8469
7 81 9.2195
7 82 56.0357
7 83 88.0738
7 84 111.7229
7 85 89.3588
7 86 59.6657
7 87 44.9444
7 88 51.0392
7 89 21.4709
7 90 78.0256
7 91 49.3356
7 92 98.9949
7 93 60.0167
7 94 82.7345
7 95 96.421
7 96 103.2327
7 97 81.0987
7 98 19.2354
7 99 8.0623
8 0 61.0328
8 1 39.6611
8 2 62.1289
8 3 42.45
8 4 35.7351
8 5 63.8122
8 6 13.9284
8 7 62.9365
8 8 0.0
8 9 26.0
8 10 69.3542
8 11 76.3806
8 12 45.0111
8 13 33.2415
8 14 56.3205
8 15 65.146
8 16 65.8559
8 17 42.72
8 18 54.5894
8 19 8.6023
8 20 8.6023
8 21 46.0435
8 22 43.6807
8 23 52.345
8 24 64.0078
8 25 38.9102
8 26 39.8497
8 27 43.9318
8 28 58.5235
8 29 25.318
8 30 66.6483
8 31 20.8806
8 32 52.4976
8 33 61.0082
8 34 25.4951
8 35 38.2099
8 36 57.0
8 37 6.7082
8 38 66.888
8 39 5.0
8 40 59.203
8 41 63.8905
8 42 74.411
8 43 25.02
8 44 35.0571
8 45 35.2278
8 46 33.8378
8 47 34.9285
8 48 19.6977
8 49 62.514
8 50 58.9406
8 51 85.5628
8 52 23.7697
8 53 4.4721
8 54 32.3883
8 55 45.2548
8 56 28.0179
8 57 8.0623
8 58 75.1665
8 59 62.1691
8 60 68.884
8 61 50.0899
8 62 43.2782
8 63 26.4197
8 64 36.1248
8 65 55.6058
8 66 37.6431
8 67 28.1603
8 68 65.9469
8 69 64.6297
8 70 32.1403
8 71 55.5698
8 72 41.0488
8 73 39.0128
8 74 70.0071
8 75 43.4166
8 76 45.2217
8 77 41.4849
8 78 63.561
8 79 54.1295
8 80 43.6807
8 81 58.6003
8 82 72.2011
8 83 26.0
8 84 62.9365
8 85 39.6232
8 86 60.3075
8 87 49.6488
8 88 22.8473
8 89 41.9762
8 90 82.7345
8 91 53.0
8 92 51.9711
8 93 8.0623
8 94 40.05
8 95 45.607
8 96 49.6588
8 97 25.807
8 98 44.0114
8 99 66.7083
9 0 68.1836
9 1 23.0868
9 2 86.209
9 3 65.0077
9 4 61.6847
9 5 81.6088
9 6 29.8329
9 7 84.4808
9 8 26.0
9 9 0.0
9 10 73.171
9 11 100.7671
9 12 69.5845
9 13 53.4135
9 14 81.5843
9 15 86.5794
9 16 90.802
9 17 65.0308
9 18 76.5768
9 19 31.4006
9 20 29.1548
9 21 61.7414
9 22 66.0303
9 23 77.666
9 24 77.4919
9 25 60.8769
9 26 62.0322
9 27 55.0818
9 28 80.3057
9 29 25.0
9 30 92.5743
9 31 34.9857
9 32 76.5768
9 33 75.2728
9 34 1.4142
9 35 54.4059
9 36 71.1688
9 37 31.3847
9 38 84.7703
9 39 23.8537
9 40 84.5991
9 41 89.8109
9 42 99.4032
9 43 29.1548
9 44 16.2788
9 45 47.927
9 46 38.3275
9 47 43.909
9 48 18.9737
9 49 78.7909
9 50 67.6018
9 51 110.1136
9 52 35.1141
9 53 21.5407
9 54 46.0977
9 55 60.1664
9 56 42.0595
9 57 28.1603
9 58 99.0858
9 59 87.8009
9 60 90.4268
9 61 70.0357
9 62 67.4759
9 63 17.0294
9 64 50.9215
9 65 72.111
9 66 57.8014
9 67 23.3452
9 68 89.9389
9 69 75.505
9 70 34.8281
9 71 81.4125
9 72 57.2451
9 73 55.0091
9 74 94.4934
9 75 69.2604
9 76 68.6222
9 77 51.6624
9 78 72.6911
9 79 72.0694
9 80 69.5701
9 81 78.4474
9 82 98.0051
9 83 10.198
9 84 70.1783
9 85 17.72
9 86 85.4459
9 87 75.5844
9 88 34.7851
9 89 65.0077
9 90 107.1681
9 91 78.7718
9 92 62.5859
9 93 25.0799
9 94 56.356
9 95 21.6333
9 96 55.0818
9 97 5.831
9 98 65.2763
9 99 86.6833
10 0 11.1803
10 1 96.2549
10 2 113.0044
10 3 101.8627
10 4 81.6884
10 5 127.6636
10 6 55.4617
10 7 121.0165
10 8 69.3542
10 9 73.171
10 10 0.0
10 11 82.3893
10 12 97.8366
10 13 49.0408
10 14 102.3426
10 15 123.1666
10 16 80.2808
10 17 102.5914
10 18 57.0088
10 19 76.9415
10 20 77.8203
10 21 35.3553
10 22 103.2763
10 23 99.0454
10 24 28.0179
10 25 53.8516
10 26 100.5684
10 27 28.2843
10 28 116.7262
10 29 91.4822
10 30 93.6376
10 31 48.7647
10 32 67.0671
10 33 30.0666
10 34 74.2428
10 35 105.6882
10 36 29.6142
10 37 65.3682
10 38 130.384
10 39 65.0
10 40 80.6536
10 41 100.1798
10 42 86.1452
10 43 92.9731
10 44 61.2944
10 45 104.2353
10 46 36.4005
10 47 104.2785
10 48 56.0892
10 49 37.0135
10 50 15.2315
10 51 90.05
10 52 93.1075
10 53 69.6419
10 54 39.2046
10 55 112.8982
10 56 97.0618
10 57 77.3886
10 58 78.2304
10 59 103.4456
10 60 61.0328
10 61 112.6987
10 62 64.4127
10 63 87.4757
10 64 104.4462
10 65 121.4002
10 66 48.2597
10 67 92.4175
10 68 73.1642
10 69 20.025
10 70 100.2447
10 71 84.5813
10 72 38.0132
10 73 38.4187
10 74 79.0759
10 75 88.0057
10 76 60.8358
10 77 29.2062
10 78 15.0333
10 79 41.2311
10 80 87.4185
10 81 120.283
10 82 94.6414
10 83 63.0714
10 84 10.4403
10 85 90.0
10 86 78.7464
10 87 83.2406
10 88 92.1954
10 89 100.4191
10 90 87.0919
10 91 81.8596
10 92 22.4722
10 93 77.0779
10 94 38.6005
10 95 91.2688
10 96 19.6977
10 97 78.4092
10 98 105.5509
10 99 127.2792
11 0 72.0625
11 1 115.6244
11 2 59.6825
11 3 67.082
11 4 47.927
11 5 89.0056
11 6 71.6101
11 7 74.3303
11 8 76.3806
11 9 100.7671
11 10 82.3893
11 11 0.0
11 12 56.5685
11 13 49.6488
11 14 49.0918
11 15 75.5381
11 16 11.7047
11 17 68.0661
11 18 27.8927
11 19 75.6042
11 20 78.4092
11 21 51.788
11 22 67.897
11 23 49.0102
11 24 54.7449
11 25 41.1825
11 26 68.6586
11 27 63.1506
11 28 72.0625
11 29 98.2293
11 30 24.7386
11 31 68.6003
11 32 24.2074
11 33 52.345
11 34 100.6578
11 35 84.7703
11 36 53.0377
11 37 70.0071
11 38 90.0888
11 39 77.1557
11 40 19.9249
11 41 36.8782
11 42 6.7082
11 43 95.4149
11 44 102.7278
11 45 90.2497
11 46 76.896
11 47 95.3415
11 48 85.1469
11 49 45.5412
11 50 68.0294
11 51 9.434
11 52 88.6848
11 53 80.6102
11 54 62.3939
11 55 89.4986
11 56 86.3308
11 57 79.0253
11 58 4.4721
11 59 43.7379
11 60 21.8403
11 61 77.4145
11 62 33.3017
11 63 102.1763
11 64 86.977
11 65 89.4539
11 66 46.0977
11 67 102.2008
11 68 11.1803
11 69 62.6498
11 70 100.3444
11 71 27.4591
11 72 52.8867
11 73 54.4059
11 74 6.4031
11 75 45.3542
11 76 32.45
11 77 65.7343
11 78 67.3647
11 79 42.0476
11 80 44.3847
11 81 80.0
11 82 20.1246
11 83 96.2601
11 84 72.1734
11 85 115.9655
11 86 17.4642
11 87 33.2415
11 88 87.818
11 89 65.1153
11 90 6.4031
11 91 28.1603
11 92 63.1269
11 93 81.6884
11 94 53.1601
11 95 121.6963
11 96 74.6726
11 97 101.8627
11 98 72.0069
11 99 82.3893
12 0 87.046
12 1 74.2496
12 2 17.2627
12 3 10.7703
12 4 16.2788
12 5 34.2053
12 6 51.923
12 7 23.4307
12 8 45.0111
12 9 69.5845
12 10 97.8366
12 11 56.5685
12 12 0.0
12 13 48.8365
12 14 13.0384
12 15 25.4951
12 16 45.1774
12 17 11.7047
12 18 52.5547
12 19 38.2099
12 20 40.4475
12 21 63.7024
12 22 11.4018
12 23 9.8995
12 24 79.6304
12 25 45.607
12 26 13.0384
12 27 69.6563
12 28 19.4165
12 29 54.5619
12 30 34.9285
12 31 55.1543
12 32 42.45
12 33 76.0263
12 34 68.7314
12 35 30.2324
12 36 73.4098
12 37 42.5793
12 38 36.0555
12 39 49.163
12 40 37.054
12 41 25.6125
12 42 51.1957
12 43 50.1199
12 44 80.0562
12 45 37.5366
12 46 70.2638
12 47 43.8406
12 48 63.6396
12 49 73.0616
12 50 83.4506
12 51 63.0635
12 52 41.6773
12 53 49.0102
12 54 59.9083
12 55 33.6155
12 56 36.4005
12 57 41.4367
12 58 58.1378
12 59 20.6155
12 60 63.3482
12 61 21.0
12 62 38.0132
12 63 62.0322
12 64 33.4215
12 65 33.0151
12 66 50.2494
12 67 59.0339
12 68 51.0392
12 69 84.5044
12 70 52.2015
12 71 29.1548
12 72 60.1082
12 73 59.4643
12 74 51.1566
12 75 12.3693
12 76 42.4853
12 77 69.4046
12 78 86.3134
12 79 63.8122
12 80 13.3417
12 81 25.2982
12 82 41.6293
12 83 71.007
12 84 88.4138
12 85 78.4347
12 86 40.0125
12 87 24.0208
12 88 41.1825
12 89 8.9443
12 90 61.3922
12 91 29.0
12 92 75.6902
12 93 44.5533
12 94 59.4138
12 95 85.3815
12 96 80.4487
12 97 67.4685
12 98 15.5242
12 99 30.5287
13 0 38.2099
13 1 72.0139
13 2 64.0703
13 3 53.6004
13 4 32.6497
13 5 79.8812
13 6 23.6008
13 7 72.1249
13 8 33.2415
13 9 53.4135
13 10 49.0408
13 11 49.6488
13 12 48.8365
13 13 0.0
13 14 53.7122
13 15 74.2496
13 16 41.7612
13 17 54.4059
13 18 23.3452
13 19 37.054
13 20 39.2046
13 21 15.6525
13 22 55.0
13 23 50.2494
13 24 33.5261
13 25 8.544
13 26 52.6972
13 27 21.095
13 28 67.897
13 29 58.4637
13 30 50.01
13 31 19.2094
13 32 26.2488
13 33 30.0832
13 34 53.6004
13 35 61.0328
13 36 26.5707
13 37 26.6833
13 38 82.4197
13 39 31.7805
13 40 38.2099
13 41 53.6004
13 42 49.98
13 43 57.5587
13 44 53.2541
13 45 61.9839
13 46 28.2843
13 47 64.195
13 48 36.1248
13 49 30.0167
13 50 34.6554
13 51 59.0593
13 52 54.0
13 53 36.4005
13 54 14.0
13 55 68.0074
13 56 55.4437
13 57 39.3192
13 58 47.1699
13 59 55.7136
13 60 37.0135
13 61 64.8999
13 62 19.0263
13 63 59.2368
13 64 60.8769
13 65 74.7061
13 66 4.4721
13 67 61.4003
13 68 38.4708
13 69 36.7151
13 70 64.2806
13 71 39.2046
13 72 11.4018
13 73 10.6301
13 74 43.8634
13 75 39.1152
13 76 17.72
13 77 21.5407
13 78 37.8021
13 79 21.095
13 80 38.5876
13 81 72.0069
13 82 53.2353
13 83 47.4236
13 84 39.598
13 85 70.1783
13 86 37.6563
13 87 36.1386
13 88 53.0
13 89 52.0096
13 90 55.9464
13 91 36.2215
13 92 26.8701
13 93 40.7922
13 94 10.6301
13 95 75.0
13 96 32.6956
13 97 55.7584
13 98 57.6888
13 99 78.6448
14 0 91.2634
14 1 87.2067
14 2 11.6619
14 3 22.6716
14 4 22.561
14 5 40.05
14 6 61.4003
14 7 25.318
14 8 56.3205
14 9 81.5843
14 10 102.3426
14 11 49.0918
14 12 13.0384
14 13 53.7122
14 14 0.0
14 15 26.6833
14 16 38.6394
14 17 23.4307
14 18 51.614
14 19 50.2195
14 20 52.6308
14 21 67.2012
14 22 22.8035
14 23 4.0
14 24 81.3204
14 25 48.6004
14 26 25.4558
14 27 74.793
14 28 23.0
14 29 67.5352
14 30 25.1794
14 31 63.561
14 32 40.4969
14 33 77.7817
14 34 80.8084
14 35 42.5206
14 36 75.743
14 37 53.0
14 38 41.0122
14 39 60.075
14 40 31.3209
14 41 13.9284
14 42 43.0
14 43 63.1348
14 44 91.0879
14 45 50.2096
14 46 78.1601
14 47 56.6392
14 48 74.027
14 49 73.7564
14 50 87.4185
14 51 54.231
14 52 54.7083
14 53 60.531
14 54 66.3099
14 55 44.9444
14 56 49.4065
14 57 53.6004
14 58 51.4782
14 59 7.8102
14 60 60.0083
14 61 30.0832
14 62 38.8973
14 63 74.8465
14 64 45.9674
14 65 41.7612
14 66 54.0833
14 67 72.0069
14 68 45.8803
14 69 87.1149
14 70 65.215
14 71 23.4094
14 72 64.3506
14 73 64.1405
14 74 44.5533
14 75 14.8661
14 76 43.1393
14 77 75.1332
14 78 89.6437
14 79 65.0692
14 80 15.2315
14 81 31.1448
14 82 31.5753
14 83 82.2192
14 84 92.4175
14 85 91.1811
14 86 34.4819
14 87 20.8087
14 88 54.2033
14 89 21.2132
14 90 53.0377
14 91 24.5967
14 92 79.8812
14 93 56.7539
14 94 63.8122
14 95 98.0816
14 96 86.3134
14 97 79.8123
14 98 26.6271
14 99 33.3766
15 0 112.45
15 1 85.0
15 2 16.0
15 3 22.8473
15 4 41.7732
15 5 16.1245
15 6 74.686
15 7 2.2361
15 8 65.146
15 9 86.5794
15 10 123.1666
15 11 75.5381
15 12 25.4951
15 13 74.2496
15 14 26.6833
15 15 0.0
15 16 65.307
15 17 22.4722
15 18 76.9415
15 19 57.0088
15 20 58.4637
15 21 89.1964
15 22 21.5407
15 23 27.8568
15 24 105.0
15 25 71.0634
15 26 25.2982
15 27 94.921
15 28 6.7082
15 29 66.1891
15 30 51.0882
15 31 78.8923
15 32 66.2118
15 33 101.4002
15 34 85.4751
15 35 34.5254
15 36 98.8585
15 37 64.4748
15 38 15.8114
15 39 69.8928
15 40 57.9741
15 41 39.0128
15 42 69.2604
15 43 61.2046
15 44 99.4636
15 45 42.9535
15 46 94.1541
15 47 49.4773
15 48 84.7585
15 49 98.1835
15 50 108.8944
15 51 80.0062
15 52 53.0377
15 53 68.4105
15 54 84.8116
15 55 32.311
15 56 46.0977
15 57 59.439
15 58 78.0897
15 59 32.0156
15 60 86.3771
15 61 17.1172
15 62 62.9682
15 63 75.06
15 64 38.6394
15 65 22.8035
15 66 75.743
15 67 70.3491
15 68 72.5328
15 69 109.9864
15 70 60.208
15 71 50.0
15 72 85.5628
15 73 84.8646
15 74 71.1969
15 75 36.8917
15 76 67.4166
15 77 94.4934
15 78 111.8034
15 79 89.0505
15 80 37.7359
15 81 10.2956
15 82 57.0
15 83 90.2441
15 84 113.8464
15 85 91.2688
15 86 61.131
15 87 46.6154
15 88 53.0094
15 89 23.7065
15 90 79.1012
15 91 50.9215
15 92 101.1187
15 93 62.1691
15 94 84.8528
15 95 98.326
15 96 105.423
15 97 83.1505
15 98 21.3776
15 99 7.0711
16 0 69.4262
16 1 104.7378
16 2 49.7293
16 3 55.5788
16 4 36.2491
16 5 78.1601
16 6 62.2656
16 7 63.9531
16 8 65.8559
16 9 90.802
16 10 80.2808
16 11 11.7047
16 12 45.1774
16 13 41.7612
16 14 38.6394
16 15 65.307
16 16 0.0
16 17 56.5685
16 18 23.3452
16 19 64.5368
16 20 67.3573
16 21 47.0425
16 22 56.4358
16 23 38.1182
16 24 53.8516
16 25 33.2415
16 26 57.0701
16 27 58.0086
16 28 61.4003
16 29 87.0057
16 30 16.4012
16 31 60.0083
16 32 15.5242
16 33 50.9215
16 34 90.6035
16 35 73.0821
16 36 50.6952
16 37 59.6657
16 38 79.404
16 39 67.0075
16 40 8.2462
16 41 27.7308
16 42 8.6023
16 43 84.0536
16 44 93.9149
16 45 78.5493
16 46 69.857
16 47 83.672
16 48 76.0592
16 49 44.7772
16 50 65.307
16 51 20.0
16 52 77.1751
16 53 70.1783
16 54 55.3173
16 55 77.8781
16 56 74.686
16 57 68.0147
16 58 13.0
16 59 34.176
16 60 24.0416
16 61 66.1211
16 62 23.7065
16 63 91.2853
16 64 75.2728
16 65 78.1601
16 66 38.833
16 67 91.0494
16 68 8.4853
16 69 61.3514
16 70 88.8369
16 71 16.0312
16 72 47.0956
16 73 48.2597
16 74 6.0
16 75 33.7343
16 76 24.0416
16 77 60.1332
16 78 65.521
16 79 39.0512
16 80 32.7567
16 81 69.1158
16 82 14.7648
16 83 86.954
16 84 69.857
16 85 105.4751
16 86 5.831
16 87 21.587
16 88 76.3217
16 89 53.6004
16 90 17.4929
16 91 16.4924
16 92 59.4138
16 93 70.7672
16 94 47.1699
16 95 111.3957
16 96 70.0071
16 97 91.5478
16 98 60.531
16 99 72.0069
17 0 92.1954
17 1 66.4078
17 2 22.4722
17 3 1.0
17 4 24.0416
17 5 25.5539
17 6 52.3546
17 7 20.2485
17 8 42.72
17 9 65.0308
17 10 102.5914
17 11 68.0661
17 12 11.7047
17 13 54.4059
17 14 23.4307
17 15 22.4722
17 16 56.5685
17 17 0.0
17 18 61.8466
17 19 34.7131
17 20 36.3456
17 21 69.8928
17 22 1.0
17 23 21.095
17 24 86.8332
17 25 52.7731
17 26 3.0
17 27 74.3303
17 28 15.8114
17 29 46.8402
17 30 46.6154
17 31 56.8595
17 32 52.469
17 33 83.2406
17 34 64.0078
17 35 19.105
17 36 80.2621
17 37 42.0476
17 38 28.0179
17 39 47.4342
17 40 48.3735
17 41 36.8917
17 42 62.8172
17 43 42.0595
17 44 77.2787
17 45 27.0185
17 46 72.111
17 47 33.6006
17 48 62.2977
17 49 81.0247
17 50 88.8651
17 51 74.7262
17 52 33.5261
17 53 46.0977
17 54 63.6553
17 55 21.9317
17 56 27.313
17 57 37.3363
17 58 69.4622
17 59 31.241
17 60 73.5527
17 61 10.7703
17 62 46.8402
17 63 55.109
17 64 22.6716
17 65 22.2036
17 66 56.6039
17 67 51.2445
17 68 62.0322
17 69 90.9725
17 70 42.9418
17 71 40.6079
17 72 65.8027
17 73 64.8151
17 74 62.514
17 75 23.0217
17 76 51.2445
17 77 73.5391
17 78 92.2009
17 79 71.5891
17 80 24.0208
17 81 17.6918
17 82 53.3104
17 83 68.0661
17 84 93.723
17 85 71.5891
17 86 51.2445
17 87 35.1283
17 88 33.2415
17 89 3.0
17 90 73.0068
17 91 40.1995
17 92 81.0555
17 93 40.1995
17 94 65.0
17 95 78.6448
17 96 84.22
17 97 62.0725
17 98 4.0
17 99 25.0
18 0 46.0977
18 1 94.1541
18 2 63.2456
18 3 60.8769
18 4 37.855
18 5 86.6487
18 6 46.7547
18 7 75.1332
18 8 54.5894
18 9 76.5768
18 10 57.0088
18 11 27.8927
18 12 52.5547
18 13 23.3452
18 14 51.614
18 15 76.9415
18 16 23.3452
18 17 61.8466
18 18 0.0
18 19 56.3028
18 20 58.8727
18 21 24.0832
18 22 62.0967
18 23 49.3964
18 24 31.3847
18 25 15.8114
18 26 61.1882
18 27 35.3553
18 28 71.5891
18 29 78.924
18 30 37.1214
18 31 42.5206
18 32 11.3137
18 33 28.178
18 34 76.6942
18 35 74.027
18 36 27.5136
18 37 47.8853
18 38 88.6002
18 39 54.0833
18 40 24.1868
18 41 45.4533
18 42 30.0167
18 43 77.1622
18 44 76.4003
18 45 77.2334
18 46 49.2443
18 47 80.895
18 48 59.4643
18 49 22.8035
18 50 41.9762
18 51 37.0
18 52 72.0347
18 53 58.3095
18 54 34.8855
18 55 80.2247
18 56 71.7008
18 57 59.2368
18 58 24.6982
18 59 50.2096
18 60 14.3178
18 61 72.5328
18 62 15.1327
18 63 81.0062
18 64 75.0267
18 65 83.9524
18 66 19.2094
18 67 82.3468
18 68 17.1172
18 69 38.4838
18 70 83.2406
18 71 29.7321
18 72 25.0
18 73 26.5707
18 74 23.0868
18 75 40.3113
18 76 11.0
18 77 37.855
18 78 42.3792
18 79 15.8114
18 80 39.3954
18 81 77.8332
18 82 37.6431
18 83 70.7672
18 84 46.5725
18 85 93.0054
18 86 21.9317
18 87 30.8058
18 88 71.0634
18 89 58.9406
18 90 33.8378
18 91 27.5862
18 92 36.1248
18 93 61.327
18 94 25.2982
18 95 98.0816
18 96 47.0956
18 97 78.6003
18 98 65.7343
18 99 82.7647
19 0 68.1542
19 1 40.3113
19 2 55.0091
19 3 34.5254
19 4 31.3847
19 5 55.2268
19 6 21.6333
19 7 54.8179
19 8 8.6023
19 9 31.4006
19 10 76.9415
19 11 75.6042
19 12 38.2099
19 13 37.054
19 14 50.2195
19 15 57.0088
19 16 64.5368
19 17 34.7131
19 18 56.3028
19 19 0.0
19 20 2.8284
19 21 51.2445
19 22 35.6931
19 23 46.3249
19 24 69.4622
19 25 41.2311
19 26 31.7805
19 27 50.5964
19 28 50.448
19 29 22.8254
19 30 63.2456
19 31 28.178
19 32 52.4786
19 33 66.2722
19 34 30.5941
19 35 29.6985
19 36 62.3939
19 37 11.7047
19 38 58.3095
19 39 13.6015
19 40 57.28
19 41 59.0931
19 42 72.9178
19 43 20.8806
19 44 42.5793
19 45 27.2947
19 46 42.0119
19 47 27.8927
19 48 28.178
19 49 67.0075
19 50 65.7875
19 51 84.5044
19 52 17.1172
19 53 11.4018
19 54 38.8973
19 55 36.7967
19 56 20.1246
19 57 3.6056
19 58 74.8866
19 59 56.6127
19 60 70.5762
19 61 41.6293
19 62 43.4166
19 63 26.9072
19 64 27.8029
19 65 47.0106
19 66 41.1947
19 67 26.6271
19 68 65.7343
19 69 70.8308
19 70 27.2947
19 71 52.6308
19 72 46.2709
19 73 44.4072
19 74 69.2026
19 75 38.4838
19 76 46.0977
19 77 48.4665
19 78 70.214
19 79 58.1378
19 80 38.9102
19 81 50.1597
19 82 69.2026
19 83 33.3766
19 84 70.0071
19 85 42.19
19 86 58.7963
19 87 46.4004
19 88 16.1245
19 89 34.2345
19 90 81.8352
19 91 50.3289
19 92 58.5235
19 93 6.7082
19 94 45.2769
19 95 48.7647
19 96 57.3062
19 97 29.7321
19 98 35.7351
19 99 58.3095
20 0 69.2892
20 1 37.4833
20 2 57.0789
20 3 36.2215
20 4 34.1321
20 5 55.9464
20 6 22.3607
20 7 56.2939
20 8 8.6023
20 9 29.1548
20 10 77.8203
20 11 78.4092
20 12 40.4475
20 13 39.2046
20 14 52.6308
20 15 58.4637
20 16 67.3573
20 17 36.3456
20 18 58.8727
20 19 2.8284
20 20 0.0
20 21 53.0848
20 22 37.3363
20 23 48.7647
20 24 71.2531
20 25 43.6807
20 26 33.3766
20 27 51.923
20 28 51.9711
20 29 20.1246
20 30 66.0303
20 31 29.1548
20 32 55.2268
20 33 68.1175
20 34 28.2843
20 35 29.8329
20 36 64.195
20 37 13.1529
20 38 59.0593
20 39 13.4536
20 40 60.1082
20 41 61.7414
20 42 75.743
20 43 18.4391
20 44 41.0
20 45 26.6271
20 46 42.4382
20 47 26.5707
20 48 27.4591
20 49 69.0652
20 50 67.0522
20 51 87.3212
20 52 15.5242
20 53 10.2956
20 54 40.2616
20 55 36.7967
20 56 19.4165
20 57 1.0
20 58 77.666
20 59 59.1354
20 60 73.1642
20 61 42.72
20 62 46.1411
20 63 24.0832
20 64 27.5862
20 65 47.4342
20 66 43.4166
20 67 23.8537
20 68 68.5055
20 69 72.3671
20 70 25.0799
20 71 55.4437
20 72 48.0937
20 73 46.1736
20 74 72.0069
20 75 41.1461
20 76 48.7545
20 77 49.6488
20 78 71.5681
20 79 60.2993
20 80 41.5933
20 81 51.264
20 82 72.0069
20 83 31.7805
20 84 71.1688
20 85 39.4462
20 86 61.6198
20 87 49.2037
20 88 14.5602
20 89 36.0555
20 90 84.6463
20 91 53.1507
20 92 59.9083
20 93 4.1231
20 94 47.0956
20 95 46.0652
20 96 58.1378
20 97 27.2029
20 98 37.108
20 99 59.4643
21 0 24.1868
21 1 82.5651
21 2 78.1025
21 3 69.0652
21 4 47.4236
21 5 95.4149
21 6 33.7343
21 7 87.1149
21 8 46.0435
21 9 61.7414
21 10 35.3553
21 11 51.788
21 12 63.7024
21 13 15.6525
21 14 67.2012
21 15 89.1964
21 16 47.0425
21 17 69.8928
21 18 24.0832
21 19 51.2445
21 20 53.0848
21 21 0.0
21 22 70.4557
21 23 64.0312
21 24 18.2483
21 25 18.6011
21 26 68.2642
21 27 11.4018
21 28 82.9759
21 29 71.2531
21 30 58.9406
21 31 27.2029
21 32 32.5576
21 33 15.0333
21 34 62.2415
21 35 76.5506
21 36 11.1803
21 37 40.0125
21 38 97.9081
21 39 43.4166
21 40 46.0977
21 41 64.8845
21 42 54.0833
21 43 71.007
21 44 57.4891
21 45 77.1298
21 46 27.6586
21 47 78.9177
21 48 42.9418
21 49 17.088
21 50 20.2485
21 51 60.6383
21 52 68.3593
21 53 48.3735
21 54 15.6525
21 55 83.5703
21 56 70.406
21 57 53.0377
21 58 48.2701
21 59 68.0955
21 60 33.541
21 61 80.455
21 62 29.0689
21 63 70.6116
21 64 76.243
21 65 90.3549
21 66 13.4536
21 67 73.6817
21 68 41.1947
21 69 21.095
21 70 78.0064
21 71 49.3964
21 72 5.0
21 73 7.0711
21 74 47.1699
21 75 53.1507
21 76 25.632
21 77 14.3178
21 78 22.6274
21 79 11.4018
21 80 52.4976
21 81 87.4185
21 82 60.6712
21 83 53.8516
21 84 25.2389
21 85 79.3095
21 86 44.5533
21 87 47.8853
21 88 67.3647
21 89 67.424
21 90 57.4891
21 91 46.6154
21 92 13.0
21 93 54.0093
21 94 6.0
21 95 83.1865
21 96 23.0217
21 97 65.192
21 98 73.2462
21 99 93.8616
22 0 92.8493
22 1 67.3573
22 2 21.5407
22 3 1.4142
22 4 24.3516
22 5 25.0599
22 6 53.2353
22 7 19.3132
22 8 43.6807
22 9 66.0303
22 10 103.2763
22 11 67.897
22 12 11.4018
22 13 55.0
22 14 22.8035
22 15 21.5407
22 16 56.4358
22 17 1.0
22 18 62.0967
22 19 35.6931
22 20 37.3363
22 21 70.4557
22 22 0.0
22 23 20.5913
22 24 87.3212
22 25 53.2353
22 26 4.0
22 27 75.0067
22 28 14.8661
22 29 47.8017
22 30 46.2385
22 31 57.6888
22 32 52.6118
22 33 83.7257
22 34 65.0077
22 35 19.799
22 36 80.7775
22 37 42.9535
22 38 27.4591
22 39 48.3839
22 40 48.2597
22 41 36.3593
22 42 62.5859
22 43 43.0116
22 44 78.2624
22 45 27.8029
22 46 72.9452
22 47 34.4093
22 48 63.2456
22 49 81.4371
22 50 89.4986
22 51 74.4648
22 52 34.4819
22 53 47.0744
22 54 64.3817
22 55 22.3607
22 56 28.2312
22 57 38.3275
22 58 69.3542
22 59 30.6105
22 60 73.6817
22 61 10.4403
22 62 47.1275
22 63 56.0892
22 64 23.4307
22 65 22.0907
22 66 57.1402
22 67 52.2015
22 68 62.0081
22 69 91.526
22 70 43.8292
22 71 40.4475
22 72 66.4003
22 73 65.437
22 74 62.3939
22 75 23.0
22 76 51.5461
22 77 74.2496
22 78 92.8009
22 79 72.0139
22 80 24.0
22 81 17.0294
22 82 52.9245
22 83 69.0507
22 84 94.3663
22 85 72.5672
22 86 51.1566
22 87 35.0571
22 88 34.2053
22 89 3.1623
22 90 72.7805
22 91 40.1123
22 92 81.6884
22 93 41.1947
22 94 65.6049
22 95 79.6241
22 96 84.9588
22 97 63.0714
22 98 4.1231
22 99 24.2074
23 0 88.0057
23 1 83.6481
23 2 14.1421
23 3 20.2485
23 4 18.6815
23 5 40.05
23 6 57.4282
23 7 26.2488
23 8 52.345
23 9 77.666
23 10 99.0454
23 11 49.0102
23 12 9.8995
23 13 50.2494
23 14 4.0
23 15 27.8568
23 16 38.1182
23 17 21.095
23 18 49.3964
23 19 46.3249
23 20 48.7647
23 21 64.0312
23 22 20.5913
23 23 0.0
23 24 78.5684
23 25 45.4533
23 26 22.8035
23 27 71.3442
23 28 23.3452
23 29 64.0078
23 30 25.9615
23 31 59.6657
23 32 38.4708
23 33 75.0067
23 34 76.9025
23 35 40.0
23 36 72.8354
23 37 49.0
23 38 41.3038
23 39 56.0803
23 40 30.4138
23 41 15.8114
23 42 43.1856
23 43 59.6825
23 44 87.0919
23 45 47.4236
23 46 74.3303
23 47 53.7401
23 48 70.0286
23 49 71.218
23 50 84.2021
23 51 54.7449
23 52 51.3128
23 53 56.5685
23 54 62.6498
23 55 42.9418
23 56 46.2277
23 57 49.7293
23 58 51.0882
23 59 10.8167
23 60 58.5235
23 61 28.8617
23 62 36.1248
23 63 71.1758
23 64 43.2782
23 65 40.7922
23 66 50.8035
23 67 68.4763
23 68 44.911
23 69 84.1724
23 70 62.0081
23 71 22.3607
23 72 61.0328
23 73 60.7454
23 74 44.1022
23 75 11.1803
23 76 40.4599
23 77 71.5891
23 78 86.5563
23 79 62.3699
23 80 11.6619
23 81 31.0161
23 82 32.573
23 83 78.2304
23 84 89.202
23 85 87.4643
23 86 33.541
23 87 18.7883
23 88 50.774
23 89 18.6011
23 90 53.3385
23 91 23.0868
23 92 76.6094
23 93 52.8867
23 94 60.4649
23 95 94.3398
23 96 82.7647
23 97 75.9605
23 98 24.5967
23 99 34.2053
24 0 18.9737
24 1 99.2472
24 2 92.6984
24 3 85.9593
24 4 63.5138
24 5 112.3788
24 6 51.1566
24 7 103.0049
24 8 64.0078
24 9 77.4919
24 10 28.0179
24 11 54.7449
24 12 79.6304
24 13 33.5261
24 14 81.3204
24 15 105.0
24 16 53.8516
24 17 86.8332
24 18 31.3847
24 19 69.4622
24 20 71.2531
24 21 18.2483
24 22 87.3212
24 23 78.5684
24 24 0.0
24 25 34.1321
24 26 85.4225
24 27 22.4722
24 28 99.0454
24 29 89.0505
24 30 68.4763
24 31 44.2832
24 32 42.4382
24 33 3.6056
24 34 78.1601
24 35 94.5569
24 36 7.0711
24 37 58.1378
24 38 114.7388
24 39 61.0737
24 40 55.5698
24 41 76.6094
24 42 58.9406
24 43 89.0225
24 44 70.7107
24 45 95.3415
24 46 40.2492
24 47 97.1648
24 48 58.5235
24 49 9.2195
24 50 15.6525
24 51 62.1289
24 52 86.5794
24 53 66.0681
24 54 32.249
24 55 101.5135
24 56 88.6454
24 57 71.1758
24 58 50.4876
24 59 80.9197
24 60 33.1361
24 61 97.5295
24 62 42.45
24 63 87.8237
24 64 94.3716
24 65 107.8378
24 66 30.4631
24 67 91.2688
24 68 46.1736
24 69 8.0
24 70 96.0833
24 71 60.803
24 72 23.1948
24 73 25.0799
24 74 51.923
24 75 68.2495
24 76 38.1838
24 77 26.0
24 78 13.1529
24 79 16.2788
24 80 67.4759
24 81 104.1009
24 82 68.542
24 83 68.7095
24 84 18.4391
24 85 95.2103
24 86 53.2353
24 87 60.8769
24 88 85.5862
24 89 84.22
24 90 59.2115
24 91 58.4123
24 92 15.8114
24 93 72.0278
24 94 24.1868
24 95 98.4327
24 96 27.5862
24 97 81.4923
24 98 90.3549
24 99 110.1136
25 0 42.72
25 1 78.3901
25 2 59.5483
25 3 51.8845
25 4 29.4109
25 5 78.2943
25 6 31.1127
25 7 69.029
25 8 38.9102
25 9 60.8769
25 10 53.8516
25 11 41.1825
25 12 45.607
25 13 8.544
25 14 48.6004
25 15 71.0634
25 16 33.2415
25 17 52.7731
25 18 15.8114
25 19 41.2311
25 20 43.6807
25 21 18.6011
25 22 53.2353
25 23 45.4533
25 24 34.1321
25 25 0.0
25 26 51.4782
25 27 27.2029
25 28 65.0
25 29 63.5689
25 30 42.19
25 31 27.4591
25 32 17.72
25 33 30.5287
25 34 60.959
25 35 61.9839
25 36 27.8029
25 37 32.2025
25 38 80.6226
25 39 38.2753
25 40 30.0167
25 41 46.8188
25 42 41.4367
25 43 62.0967
25 44 61.5873
25 45 64.0703
25 46 36.6742
25 47 67.0671
25 48 44.2041
25 49 28.4605
25 50 38.833
25 51 50.6063
25 52 57.5587
25 53 42.5441
25 54 22.2036
25 55 68.6586
25 56 58.0086
25 57 43.9659
25 58 38.833
25 59 49.6488
25 60 30.0167
25 61 63.5059
25 62 11.1803
25 63 65.2993
25 64 62.3939
25 65 74.0945
25 66 6.0828
25 67 66.8506
25 68 30.0167
25 69 38.9487
25 70 68.4471
25 71 31.7805
25 72 16.1555
25 73 16.4924
25 74 35.3412
25 75 34.6554
25 76 9.2195
25 77 28.4429
25 78 41.1096
25 79 18.9737
25 80 33.9706
25 81 69.9714
25 82 45.0444
25 83 55.4437
25 84 43.8292
25 85 77.201
25 86 29.2746
25 87 29.5466
25 88 56.5685
25 89 50.1199
25 90 47.5079
25 91 28.8617
25 92 31.3847
25 93 45.8803
25 94 15.8114
25 95 82.3286
25 96 39.2938
25 97 62.8013
25 98 56.3649
25 99 76.0263
26 0 90.2718
26 1 63.5689
26 2 25.2982
26 3 3.1623
26 4 23.3452
26 5 27.2029
26 6 49.7393
26 7 23.0868
26 8 39.8497
26 9 62.0322
26 10 100.5684
26 11 68.6586
26 12 13.0384
26 13 52.6972
26 14 25.4558
26 15 25.2982
26 16 57.0701
26 17 3.0
26 18 61.1882
26 19 31.7805
26 20 33.3766
26 21 68.2642
26 22 4.0
26 23 22.8035
26 24 85.4225
26 25 51.4782
26 26 0.0
26 27 72.3464
26 28 18.6815
26 29 43.9659
26 30 47.8539
26 31 54.4059
26 32 52.1536
26 33 81.8413
26 34 61.0082
26 35 17.2047
26 36 78.7718
26 37 39.3573
26 38 29.8329
26 39 44.5982
26 40 48.8365
26 41 38.6005
26 42 63.6003
26 43 39.2173
26 44 74.3303
26 45 24.7588
26 46 69.6348
26 47 31.241
26 48 59.4643
26 49 79.8499
26 50 87.0057
26 51 75.5844
26 52 30.6757
26 53 43.1741
26 54 61.5224
26 55 20.8806
26 56 24.5967
26 57 34.3657
26 58 69.8713
26 59 33.2415
26 60 73.2462
26 61 12.2066
26 62 46.0977
26 63 52.1728
26 64 20.5183
26 65 22.8035
26 66 55.0727
26 67 48.3839
26 68 62.2013
26 69 89.3588
26 70 40.3113
26 71 41.2311
26 72 64.0703
26 73 63.0079
26 74 62.9682
26 75 23.3452
26 76 50.448
26 77 71.4493
26 78 90.4434
26 79 70.3847
26 80 24.3311
26 81 19.8494
26 82 54.5619
26 83 65.1153
26 84 91.8314
26 85 68.6586
26 86 51.6236
26 87 35.5106
26 88 30.3645
26 89 4.2426
26 90 73.7631
26 91 40.6079
26 92 79.2023
26 93 37.2156
26 94 63.2456
26 95 75.71
26 96 82.0366
26 97 59.0762
26 98 5.0
26 99 27.4591
27 0 18.0278
27 1 77.1038
27 2 85.1469
27 3 73.5935
27 4 53.6004
27 5 99.4887
27 6 30.2655
27 7 92.7631
27 8 43.9318
27 9 55.0818
27 10 28.2843
27 11 63.1506
27 12 69.6563
27 13 21.095
27 14 74.793
27 15 94.921
27 16 58.0086
27 17 74.3303
27 18 35.3553
27 19 50.5964
27 20 51.923
27 21 11.4018
27 22 75.0067
27 23 71.3442
27 24 22.4722
27 25 27.2029
27 26 72.3464
27 27 0.0
27 28 88.459
27 29 68.1836
27 30 69.0507
27 31 23.1948
27 32 43.1045
27 33 20.5913
27 34 55.7853
27 35 78.2943
27 36 16.6433
27 37 38.8973
27 38 102.1763
27 39 40.3113
27 40 56.4358
27 41 74.0
27 42 65.2763
27 43 68.7314
27 44 48.5489
27 45 77.6209
27 46 18.0278
27 47 78.4474
27 48 36.1386
27 49 25.4951
27 50 15.2315
27 51 72.0347
27 52 67.4463
27 53 45.2769
27 54 11.7047
27 55 85.4751
27 56 70.5762
27 57 51.6624
27 58 59.6657
27 59 76.5572
27 60 44.7772
27 61 84.5044
27 62 38.3275
27 63 66.1211
27 64 77.3886
27 65 93.4773
27 66 21.1896
27 67 70.0071
27 68 52.469
27 69 21.0
27 70 75.9539
27 71 58.9406
27 72 11.1803
27 73 10.7703
27 74 58.4209
27 75 60.208
27 76 35.5106
27 77 3.6056
27 78 19.6469
27 79 22.3607
27 80 59.6825
27 81 92.0217
27 82 71.2531
27 83 46.2385
27 84 19.7231
27 85 72.8011
27 86 55.1453
27 87 56.648
27 88 66.4831
27 89 72.1388
27 90 68.884
27 91 56.0446
27 92 8.0623
27 93 51.9711
27 94 11.4018
27 95 75.9605
27 96 12.1655
27 97 59.2284
27 98 77.3369
27 99 98.9949
28 0 106.066
28 1 79.6241
28 2 14.3178
28 3 16.1555
28 4 35.609
28 5 17.1172
28 6 67.9779
28 7 4.4721
28 8 58.5235
28 9 80.3057
28 10 116.7262
28 11 72.0625
28 12 19.4165
28 13 67.897
28 14 23.0
28 15 6.7082
28 16 61.4003
28 17 15.8114
28 18 71.5891
28 19 50.448
28 20 51.9711
28 21 82.9759
28 22 14.8661
28 23 23.3452
28 24 99.0454
28 25 65.0
28 26 18.6815
28 27 88.459
28 28 0.0
28 29 60.531
28 30 48.0937
28 31 72.2011
28 32 61.0983
28 33 95.4411
28 34 79.2275
28 35 29.4109
28 36 92.8009
28 37 57.7754
28 38 18.0278
28 39 63.2456
28 40 53.7587
28 41 36.3456
28 42 66.0
28 43 55.5788
28 44 92.9624
28 45 37.9473
28 46 87.4643
28 47 44.5982
28 48 78.1089
28 49 92.4392
28 50 102.5524
28 51 77.1622
28 52 47.2652
28 53 61.8466
28 54 78.2432
28 55 28.3019
28 56 40.4475
28 57 52.9528
28 58 74.3303
28 59 29.4279
28 60 81.6088
28 61 12.083
28 62 57.3062
28 63 69.2604
28 64 33.5261
28 65 20.8087
28 66 69.527
28 67 64.7765
28 68 68.2495
28 69 103.8557
28 70 55.0818
28 71 45.7056
28 72 79.2465
28 73 78.492
28 74 67.3647
28 75 31.305
28 76 61.7738
28 77 87.9659
28 78 105.5509
28 79 83.2166
28 80 32.2025
28 81 8.544
28 82 54.3323
28 83 83.7437
28 84 107.4895
28 85 85.5862
28 86 56.8859
28 87 41.7612
28 88 47.1699
28 89 17.0
28 90 76.0263
28 91 46.3249
28 92 94.7629
28 93 55.7315
28 94 78.5175
28 95 92.6553
28 96 98.8585
28 97 77.026
28 98 15.0333
28 99 11.1803
29 0 84.3445
29 1 19.6977
29 2 69.2604
29 3 47.1275
29 4 52.345
29 5 58.6941
29 6 38.0132
29 7 64.2806
29 8 25.318
29 9 25.0
29 10 91.4822
29 11 98.2293
29 12 54.5619
29 13 58.4637
29 14 67.5352
29 15 66.1891
29 16 87.0057
29 17 46.8402
29 18 78.924
29 19 22.8254
29 20 20.1246
29 21 71.2531
29 22 47.8017
29 23 64.0078
29 24 89.0505
29 25 63.5689
29 26 43.9659
29 27 68.1836
29 28 60.531
29 29 0.0
29 30 84.2912
29 31 45.0444
29 32 75.2928
29 33 86.1452
29 34 23.6008
29 35 32.0156
29 36 82.0975
29 37 31.7805
29 38 61.8142
29 39 28.0
29 40 79.511
29 41 78.492
29 42 95.268
29 43 5.0
29 44 41.1096
29 45 24.3311
29 46 55.0818
29 47 19.3132
29 48 35.8469
29 49 87.8237
29 50 82.7345
29 51 107.0047
29 52 13.3417
29 53 23.0
29 54 57.0088
29 55 36.6742
29 56 20.0998
29 57 19.6977
29 58 97.6371
29 59 74.793
29 60 93.2309
29 61 49.0918
29 62 66.242
29 63 9.2195
29 64 28.0713
29 65 48.8365
29 66 62.8172
29 67 4.4721
29 68 88.5099
29 69 89.1403
29 70 9.8995
29 71 74.2496
29 72 66.2722
29 73 64.195
29 74 91.8368
29 75 58.4123
29 76 68.8767
29 77 65.3758
29 78 87.5728
29 79 79.4292
29 80 59.0339
29 81 57.0
29 82 90.5539
29 83 33.3017
29 84 86.3134
29 85 25.0799
29 86 81.2158
29 87 67.8823
29 88 13.6015
29 89 47.7598
29 90 104.4031
29 91 72.1803
29 92 76.2365
29 93 17.72
29 94 65.2763
29 95 32.1403
29 96 72.0347
29 97 19.7231
29 98 45.8912
