0 0 0.0
0 1 20.3961
0 2 40.1123
0 3 12.53
0 4 18.0278
0 5 25.4951
0 6 92.1141
0 7 54.7083
0 8 81.2158
0 9 50.8035
0 10 39.2938
0 11 15.2315
0 12 51.0784
0 13 6.7082
0 14 33.7343
0 15 25.4951
0 16 55.9017
0 17 52.0
0 18 57.0088
0 19 53.2353
0 20 19.2354
0 21 50.1199
0 22 62.2896
0 23 60.8276
0 24 78.7718
1 0 20.3961
1 1 0.0
1 2 21.1896
1 3 15.6525
1 4 3.6056
1 5 13.0384
1 6 79.4796
1 7 64.4438
1 8 83.2586
1 9 38.3275
1 10 18.9737
1 11 6.3246
1 12 31.3847
1 13 23.0868
1 14 13.3417
1 15 15.2971
1 16 73.0821
1 17 44.0
1 18 68.6003
1 19 70.214
1 20 17.0294
1 21 67.0522
1 22 63.561
1 23 74.4312
1 24 88.3912
2 0 40.1123
2 1 21.1896
2 2 0.0
2 3 36.7696
2 4 24.6982
2 5 29.0
2 6 81.4985
2 7 84.4038
2 8 99.0202
2 9 45.1221
2 10 13.1529
2 11 27.5136
2 12 24.0416
2 13 43.9318
2 14 12.2066
2 15 31.8277
2 16 94.255
2 17 54.7814
2 18 89.0449
2 19 91.3947
2 20 36.8917
2 21 88.2326
2 22 79.6304
2 23 95.2943
2 24 107.9352
3 0 12.53
3 1 15.6525
3 2 36.7696
3 3 0.0
3 4 12.083
3 5 14.3178
3 6 79.6116
3 7 49.5177
3 8 71.8401
3 9 38.4187
3 10 32.0156
3 11 9.434
3 12 41.9762
3 13 10.2956
3 14 27.2947
3 15 13.6015
3 16 57.7235
3 17 39.5601
3 18 53.2635
3 19 54.8179
3 20 6.7082
3 21 51.6624
3 22 52.3927
3 23 58.8303
3 24 73.6614
4 0 18.0278
4 1 3.6056
4 2 24.6982
4 3 12.083
4 4 0.0
4 5 11.1803
4 6 78.7909
4 7 60.8769
4 8 80.2309
4 9 37.3363
4 10 21.3776
4 11 3.0
4 12 33.1059
4 13 20.0
4 14 16.0312
4 15 13.0
4 16 69.6419
4 17 42.107
4 18 65.0
4 19 66.7608
4 20 13.6015
4 21 63.6003
4 22 60.5392
4 23 70.8308
4 24 84.8528
5 0 25.4951
5 1 13.0384
5 2 29.0
5 3 14.3178
5 4 11.1803
5 5 0.0
5 6 67.9779
5 7 55.7584
5 8 71.1196
5 9 26.4008
5 10 20.2485
5 11 12.083
5 12 28.1603
5 13 24.5967
5 14 17.2047
5 15 2.8284
5 16 69.4622
5 17 31.0161
5 18 60.8276
5 19 66.4831
5 20 10.0
5 21 63.3877
5 22 51.4782
5 23 67.7791
5 24 79.0253
6 0 92.1141
6 1 79.4796
6 2 81.4985
6 3 79.6116
6 4 78.7909
6 5 67.9779
6 6 0.0
6 7 83.006
6 8 63.0317
6 9 41.5933
6 10 68.884
6 11 80.0562
6 12 58.0345
6 13 88.8144
6 14 72.7805
6 15 67.1193
6 16 112.2943
6 17 41.7253
6 18 90.2497
6 19 109.6586
6 20 72.9452
6 21 107.5407
6 22 57.28
6 23 99.7246
6 24 92.7793
7 0 54.7083
7 1 64.4438
7 2 84.4038
7 3 49.5177
7 4 60.8769
7 5 55.7584
7 6 83.006
7 7 0.0
7 8 35.8469
7 9 58.3095
7 10 75.6637
7 11 58.6941
7 12 79.712
7 13 48.0208
7 14 72.9452
7 15 53.0
7 16 31.1127
7 17 48.0104
7 18 7.2801
7 19 29.0689
7 20 47.634
7 21 28.0179
7 22 26.6271
7 23 16.7631
7 24 24.2074
8 0 81.2158
8 1 83.2586
8 2 99.0202
8 3 71.8401
8 4 80.2309
8 5 71.1196
8 6 63.0317
8 7 35.8469
8 8 0.0
8 9 58.7963
8 10 87.2009
8 11 79.1202
8 12 85.5628
8 13 74.8131
8 14 86.8217
8 15 68.4251
8 16 65.7343
8 17 46.6905
8 18 40.8167
8 19 64.1405
8 20 67.0671
8 21 63.5295
8 22 19.6977
8 23 48.4149
8 24 32.2025
9 0 50.8035
9 1 38.3275
9 2 45.1221
9 3 38.4187
9 4 37.3363
9 5 26.4008
9 6 41.5933
9 7 58.3095
9 8 58.7963
9 9 0.0
9 10 32.0156
9 11 38.4838
9 12 27.0185
9 13 48.1041
9 14 34.1321
9 15 25.5539
9 16 81.5843
9 17 12.2066
9 18 65.123
9 19 78.6448
9 20 31.8904
9 21 75.9276
9 22 41.6773
9 23 74.0068
9 24 77.1622
10 0 39.2938
10 1 18.9737
10 2 13.1529
10 3 32.0156
10 4 21.3776
10 5 20.2485
10 6 68.884
10 7 75.6637
10 8 87.2009
10 9 32.0156
10 10 0.0
10 11 24.3311
10 12 13.4536
10 13 41.1947
10 14 5.831
10 15 22.8473
10 16 89.2693
10 17 42.0476
10 18 80.9568
10 19 86.3134
10 20 29.8329
10 21 83.1865
10 22 68.1175
10 23 88.0227
10 24 98.4733
11 0 15.2315
11 1 6.3246
11 2 27.5136
11 3 9.434
11 4 3.0
11 5 12.083
11 6 80.0562
11 7 58.6941
11 8 79.1202
11 9 38.4838
11 10 24.3311
11 11 0.0
11 12 35.8469
11 13 17.0
11 14 19.0263
11 15 13.3417
11 16 66.7608
11 17 42.4264
11 18 62.6259
11 19 63.8905
11 20 12.083
11 21 60.7289
11 22 59.4643
11 23 68.2642
11 24 82.7587
12 0 51.0784
12 1 31.3847
12 2 24.0416
12 3 41.9762
12 4 33.1059
12 5 28.1603
12 6 58.0345
12 7 79.712
12 8 85.5628
12 9 27.0185
12 10 13.4536
12 11 35.8469
12 12 0.0
12 13 51.923
12 14 19.105
12 15 30.0167
12 16 97.1288
12 17 38.8973
12 18 85.7263
12 19 94.1329
12 20 38.1182
12 21 91.0879
12 22 67.624
12 23 93.6216
12 24 101.0742
13 0 6.7082
13 1 23.0868
13 2 43.9318
13 3 10.2956
13 4 20.0
13 5 24.5967
13 6 88.8144
13 7 48.0208
13 8 74.8131
13 9 48.1041
13 10 41.1947
13 11 17.0
13 12 51.923
13 13 0.0
13 14 36.0139
13 15 23.8537
13 16 50.6952
13 17 47.8853
13 18 50.448
13 19 47.927
13 20 16.2788
13 21 44.7772
13 22 56.0803
13 23 54.5619
13 24 72.111
14 0 33.7343
14 1 13.3417
14 2 12.2066
14 3 27.2947
14 4 16.0312
14 5 17.2047
14 6 72.7805
14 7 72.9452
14 8 86.8217
14 9 34.1321
14 10 5.831
14 11 19.0263
14 12 19.105
14 13 36.0139
14 14 0.0
14 15 20.0
14 16 84.9294
14 17 43.0116
14 18 77.8974
14 19 82.0
14 20 26.0
14 21 78.8543
14 22 67.424
14 23 84.5813
14 24 96.2133
15 0 25.4951
15 1 15.2971
15 2 31.8277
15 3 13.6015
15 4 13.0
15 5 2.8284
15 6 67.1193
15 7 53.0
15 8 68.4251
15 9 25.5539
15 10 22.8473
15 11 13.3417
15 12 30.0167
15 13 23.8537
15 14 20.0
15 15 0.0
15 16 67.2681
15 17 29.1548
15 18 58.1378
15 19 64.2806
15 20 8.2462
15 21 61.2046
15 22 48.7647
15 23 65.192
15 24 76.2168
16 0 55.9017
16 1 73.0821
16 2 94.255
16 3 57.7235
16 4 69.6419
16 5 69.4622
16 6 112.2943
16 7 31.1127
16 8 65.7343
16 9 81.5843
16 10 89.2693
16 11 66.7608
16 12 97.1288
16 13 50.6952
16 14 84.9294
16 15 67.2681
16 16 0.0
16 17 73.6817
16 18 25.0
16 19 3.0
16 20 59.5399
16 21 6.0828
16 22 57.4891
16 23 18.0278
16 24 41.5933
17 0 52.0
17 1 44.0
17 2 54.7814
17 3 39.5601
17 4 42.107
17 5 31.0161
17 6 41.7253
17 7 48.0104
17 8 46.6905
17 9 12.2066
17 10 42.0476
17 11 42.4264
17 12 38.8973
17 13 47.8853
17 14 43.0116
17 15 29.1548
17 16 73.6817
17 17 0.0
17 18 55.0818
17 19 70.8378
17 20 32.8938
17 21 68.352
17 22 29.5296
17 23 64.2806
17 24 65.521
18 0 57.0088
18 1 68.6003
18 2 89.0449
18 3 53.2635
18 4 65.0
18 5 60.8276
18 6 90.2497
18 7 7.2801
18 8 40.8167
18 9 65.123
18 10 80.9568
18 11 62.6259
18 12 85.7263
18 13 50.448
18 14 77.8974
18 15 58.1378
18 16 25.0
18 17 55.0818
18 18 0.0
18 19 23.3238
18 20 52.1536
18 21 22.8473
18 22 33.6155
18 23 9.4868
18 24 22.4722
19 0 53.2353
19 1 70.214
19 2 91.3947
19 3 54.8179
19 4 66.7608
19 5 66.4831
19 6 109.6586
19 7 29.0689
19 8 64.1405
19 9 78.6448
19 10 86.3134
19 11 63.8905
19 12 94.1329
19 13 47.927
19 14 82.0
19 15 64.2806
19 16 3.0
19 17 70.8378
19 18 23.3238
19 19 0.0
19 20 56.5685
19 21 3.1623
19 22 55.2268
19 23 17.2627
19 24 41.1947
20 0 19.2354
20 1 17.0294
20 2 36.8917
20 3 6.7082
20 4 13.6015
20 5 10.0
20 6 72.9452
20 7 47.634
20 8 67.0671
20 9 31.8904
20 10 29.8329
20 11 12.083
20 12 38.1182
20 13 16.2788
20 14 26.0
20 15 8.2462
20 16 59.5399
20 17 32.8938
20 18 52.1536
20 19 56.5685
20 20 0.0
20 21 53.4603
20 22 47.4342
20 23 58.6003
20 24 71.4493
21 0 50.1199
21 1 67.0522
21 2 88.2326
21 3 51.6624
21 4 63.6003
21 5 63.3877
21 6 107.5407
21 7 28.0179
21 8 63.5295
21 9 75.9276
21 10 83.1865
21 11 60.7289
21 12 91.0879
21 13 44.7772
21 14 78.8543
21 15 61.2046
21 16 6.0828
21 17 68.352
21 18 22.8473
21 19 3.1623
21 20 53.4603
21 21 0.0
21 22 53.7401
21 23 18.0
21 24 42.0119
22 0 62.2896
22 1 63.561
22 2 79.6304
22 3 52.3927
22 4 60.5392
22 5 51.4782
22 6 57.28
22 7 26.6271
22 8 19.6977
22 9 41.6773
22 10 68.1175
22 11 59.4643
22 12 67.624
22 13 56.0803
22 14 67.424
22 15 48.7647
22 16 57.4891
22 17 29.5296
22 18 33.6155
22 19 55.2268
22 20 47.4342
22 21 53.7401
22 22 0.0
22 23 42.9418
22 24 37.2156
23 0 60.8276
23 1 74.4312
23 2 95.2943
23 3 58.8303
23 4 70.8308
23 5 67.7791
23 6 99.7246
23 7 16.7631
23 8 48.4149
23 9 74.0068
23 10 88.0227
23 11 68.2642
23 12 93.6216
23 13 54.5619
23 14 84.5813
23 15 65.192
23 16 18.0278
23 17 64.2806
23 18 9.4868
23 19 17.2627
23 20 58.6003
23 21 18.0
23 22 42.9418
23 23 0.0
23 24 24.0208
24 0 78.7718
24 1 88.3912
24 2 107.9352
24 3 73.6614
24 4 84.8528
24 5 79.0253
24 6 92.7793
24 7 24.2074
24 8 32.2025
24 9 77.1622
24 10 98.4733
24 11 82.7587
24 12 101.0742
24 13 72.111
24 14 96.2133
24 15 76.2168
24 16 41.5933
24 17 65.521
24 18 22.4722
24 19 41.1947
24 20 71.4493
24 21 42.0119
24 22 37.2156
24 23 24.0208
24 24 0.0
