0 0 0.0
0 1 64.1405
0 2 28.6007
0 3 66.7083
0 4 48.6621
0 5 36.2215
0 6 79.1202
0 7 18.3576
0 8 6.0828
0 9 41.5933
0 10 36.6879
0 11 20.2485
0 12 83.006
0 13 61.0983
0 14 78.4092
0 15 53.8516
0 16 37.1618
0 17 63.561
0 18 79.0569
0 19 27.4591
0 20 30.8058
0 21 23.3238
0 22 43.4166
0 23 38.4708
0 24 75.0267
0 25 38.0132
0 26 29.8329
0 27 94.0319
0 28 20.3961
0 29 76.2955
0 30 82.6378
0 31 28.3196
0 32 51.5461
0 33 37.1214
0 34 85.4225
0 35 18.9737
0 36 32.8938
0 37 22.8254
0 38 89.6939
0 39 67.0522
0 40 37.6431
0 41 10.198
0 42 52.6972
0 43 47.5395
0 44 44.9444
0 45 32.0156
0 46 28.6356
0 47 24.0416
0 48 34.3657
0 49 18.1108
1 0 64.1405
1 1 0.0
1 2 91.214
1 3 76.1052
1 4 64.7611
1 5 34.6699
1 6 19.6469
1 7 74.9466
1 8 68.884
1 9 78.7147
1 10 66.0303
1 11 84.119
1 12 22.0907
1 13 55.0364
1 14 33.9706
1 15 45.1885
1 16 52.3927
1 17 47.5184
1 18 15.6205
1 19 41.2311
1 20 37.855
1 21 68.2495
1 22 66.6108
1 23 93.6056
1 24 36.8917
1 25 38.0132
1 26 62.1289
1 27 30.0
1 28 73.5527
1 29 27.5862
1 30 22.2036
1 31 64.8999
1 32 42.1545
1 33 34.9857
1 34 75.0
1 35 79.511
1 36 66.0303
1 37 45.8803
1 38 25.5539
1 39 15.8114
1 40 44.1022
1 41 57.0088
1 42 81.2712
1 43 38.6005
1 44 59.4811
1 45 34.6554
1 46 49.2544
1 47 83.5464
1 48 35.0
1 49 73.5527
2 0 28.6007
2 1 91.214
2 2 0.0
2 3 70.8802
2 4 71.5681
2 5 59.4811
2 6 104.3168
2 7 32.0156
2 8 26.4008
2 9 38.6264
2 10 58.3095
2 11 16.1245
2 12 108.4066
2 13 74.0068
2 14 99.93
2 15 81.1542
2 16 51.6236
2 17 79.511
2 18 106.527
2 19 56.0357
2 20 59.4054
2 21 29.1548
2 22 65.2763
2 23 18.6011
2 24 95.3362
2 25 59.2368
2 26 52.9528
2 27 121.2106
2 28 21.2132
2 29 99.1615
2 30 107.912
2 31 36.0555
2 32 79.2023
2 33 59.9333
2 34 94.3663
2 35 12.083
2 36 54.3323
2 37 51.3128
2 38 116.6062
2 39 91.7061
2 40 65.307
2 41 34.2053
2 42 50.5668
2 43 75.591
2 44 55.0091
2 45 57.1402
2 46 55.9464
2 47 10.0
2 48 58.1808
2 49 19.6469
3 0 66.7083
3 1 76.1052
3 2 70.8802
3 3 0.0
3 4 108.4528
3 5 49.3356
3 6 74.6324
3 7 84.8116
3 8 72.0069
3 9 32.5576
3 10 99.6393
3 11 78.7147
3 12 78.4347
3 13 21.8403
3 14 57.7062
3 15 101.951
3 16 32.7567
3 17 31.0161
3 18 89.1067
3 19 75.1798
3 20 75.5844
3 21 45.2769
3 22 105.2093
3 23 57.2189
3 24 51.0
3 25 43.9659
3 26 92.4554
3 27 98.0816
3 28 52.3259
3 29 61.8466
3 30 77.4919
3 31 38.833
3 32 98.4327
3 33 48.0833
3 34 25.318
3 35 62.2415
3 36 96.5401
3 37 74.6257
3 38 92.72
3 39 64.3273
3 40 88.5494
3 41 57.9828
3 42 22.0227
3 43 93.0484
3 44 23.0217
3 45 54.7814
3 46 84.0595
3 47 61.3514
3 48 50.9215
3 49 55.0091
4 0 48.6621
4 1 64.7611
4 2 71.5681
4 3 108.4528
4 4 0.0
4 5 62.2254
4 6 84.4038
4 7 39.8121
4 8 47.0425
4 9 89.1852
4 10 13.3417
4 11 56.0892
4 12 86.6833
4 13 95.5249
4 14 94.8472
4 15 22.3607
4 16 75.7166
4 17 93.5094
4 18 73.0616
4 19 33.9706
4 20 34.7131
4 21 70.8802
4 22 6.7082
4 23 86.0233
4 24 94.8947
4 25 67.2086
4 26 19.0263
4 27 87.0517
4 28 69.0507
4 29 89.6939
4 30 86.885
4 31 74.0945
4 32 24.0208
4 33 63.6396
4 34 120.9339
4 35 66.0303
4 36 17.2627
4 37 33.8378
4 38 85.0235
4 39 77.2528
4 40 22.4722
4 41 53.1413
4 42 99.1615
4 43 26.3059
4 44 85.44
4 45 55.8659
4 46 24.4131
4 47 71.007
4 48 60.1082
4 49 66.7533
5 0 36.2215
5 1 34.6699
5 2 59.4811
5 3 49.3356
5 4 62.2254
5 5 0.0
5 6 44.9444
5 7 52.2398
5 8 42.107
5 9 44.3847
5 10 56.3028
5 11 56.0892
5 12 49.0918
5 13 33.4215
5 14 42.19
5 15 52.8015
5 16 19.105
5 17 31.6228
5 18 50.2195
5 19 28.3196
5 20 27.6586
5 21 33.9411
5 22 60.4401
5 23 59.397
5 24 39.0512
5 25 5.3852
5 26 49.7393
5 27 63.7024
5 28 40.0
5 29 40.2616
5 30 48.5489
5 31 30.2324
5 32 49.2443
5 33 1.4142
5 34 58.7282
5 35 47.4131
5 36 54.2033
5 37 29.6816
5 38 58.6941
5 39 32.249
5 40 40.6079
5 41 26.6833
5 42 48.5077
5 43 43.8634
5 44 28.0713
5 45 6.4031
5 46 38.4187
5 47 50.774
5 48 2.2361
5 49 40.4969
6 0 79.1202
6 1 19.6469
6 2 104.3168
6 3 74.6324
6 4 84.4038
6 5 44.9444
6 6 0.0
6 7 91.9837
6 8 84.4334
6 9 85.1469
6 10 85.2877
6 11 99.368
6 12 4.2426
6 13 52.811
6 14 20.3961
6 15 64.622
6 16 58.7282
6 17 43.6807
6 18 19.2354
6 19 59.2115
6 20 56.0803
6 21 78.4092
6 22 86.1452
6 23 103.7111
6 24 26.0192
6 25 46.2277
6 26 81.0062
6 27 23.5372
6 28 84.8764
6 29 14.0357
6 30 3.6056
6 31 73.6614
6 32 61.6847
6 33 44.6542
6 34 67.0298
6 35 92.2822
6 36 85.0529
6 37 63.5059
6 38 18.2483
6 39 12.8062
6 40 63.5059
6 41 70.6824
6 42 84.9058
6 43 58.2409
6 44 63.2456
6 45 47.4236
6 46 68.0
6 47 95.7183
6 48 46.1411
6 49 85.44
7 0 18.3576
7 1 74.9466
7 2 32.0156
7 3 84.8116
7 4 39.8121
7 5 52.2398
7 6 91.9837
7 7 0.0
7 8 12.8062
7 9 57.8014
7 10 26.4764
7 11 16.2788
7 12 95.5667
7 13 79.3095
7 14 94.0053
7 15 52.4309
7 16 55.4617
7 17 81.3204
7 18 88.6397
7 19 34.0147
7 20 37.5766
7 21 40.3113
7 22 33.3766
7 23 48.0521
7 24 91.2688
7 25 54.9181
7 26 21.9317
7 27 103.8701
7 28 35.2278
7 29 91.1373
7 30 95.3415
7 31 46.0977
7 32 51.225
7 33 53.3385
7 34 103.769
7 35 28.7924
7 36 22.561
7 37 29.1548
7 38 100.09
7 39 80.7527
7 40 38.1838
7 41 28.2312
7 42 69.527
7 43 48.7955
7 44 63.2851
7 45 47.0106
7 46 29.0689
7 47 33.2415
7 48 50.1597
7 49 32.45
8 0 6.0828
8 1 68.884
8 2 26.4008
8 3 72.0069
8 4 47.0425
8 5 42.107
8 6 84.4334
8 7 12.8062
8 8 0.0
8 9 45.4863
8 10 34.3657
8 11 15.2643
8 12 88.2553
8 13 67.0671
8 14 84.2912
8 15 54.7814
8 16 43.0813
8 17 69.6348
8 18 83.5284
8 19 30.4138
8 20 33.9411
8 21 27.6586
8 22 41.3038
8 23 39.0
8 24 81.0062
8 25 44.0454
8 26 28.0179
8 27 98.6154
8 28 23.2594
8 29 82.0366
8 30 87.9204
8 31 33.3017
8 32 52.8015
8 33 43.0465
8 34 91.236
8 35 19.0
8 36 30.4138
8 37 25.4951
8 38 94.414
8 39 72.5328
8 40 38.9102
8 41 16.2788
8 42 57.0088
8 43 49.2443
8 44 50.6063
8 45 37.6563
8 46 29.5466
8 47 24.0208
8 48 40.1995
8 49 20.6155
9 0 41.5933
9 1 78.7147
9 2 38.6264
9 3 32.5576
9 4 89.1852
9 5 44.3847
9 6 85.1469
9 7 57.8014
9 8 45.4863
9 9 0.0
9 10 78.0
9 11 48.4149
9 12 89.3756
9 13 40.8534
9 14 74.2024
9 15 89.1403
9 16 26.6271
9 17 48.7647
9 18 94.0213
9 19 60.1332
9 20 62.0081
9 21 18.3848
9 22 84.5044
9 23 25.02
9 24 68.2422
9 25 40.7063
9 26 70.9366
9 27 106.5082
9 28 22.6716
9 29 75.743
9 30 88.6172
9 31 16.0
9 32 86.0523
9 33 43.8634
9 34 57.0351
9 35 31.4006
9 36 74.3236
9 37 57.5587
9 38 101.2571
9 39 72.6223
9 40 73.437
9 41 36.1386
9 42 12.2066
9 43 81.0062
9 44 23.0217
9 45 46.5725
9 46 66.2873
9 47 29.5296
9 48 44.5982
9 49 25.4951
10 0 36.6879
10 1 66.0303
10 2 58.3095
10 3 99.6393
10 4 13.3417
10 5 56.3028
10 6 85.2877
10 7 26.4764
10 8 34.3657
10 9 78.0
10 10 0.0
10 11 42.7551
10 12 88.0909
10 13 88.7299
10 14 93.0054
10 15 30.2324
10 16 67.2681
10 17 87.9204
10 18 76.6551
10 19 28.6356
10 20 30.6757
10 21 59.6154
10 22 7.0
10 23 73.171
10 24 92.1141
10 25 60.803
10 26 7.2111
10 27 91.4112
10 28 57.0088
10 29 88.5268
10 30 88.1419
10 31 63.5295
10 32 30.4138
10 33 57.6888
10 34 114.2147
10 35 53.2353
10 36 4.0
10 37 26.6271
10 38 88.6848
10 39 76.4853
10 40 22.0227
10 41 42.5441
10 42 88.5494
10 43 30.3645
10 44 76.6942
10 45 49.93
10 46 18.3848
10 47 58.1378
10 48 54.0833
10 49 54.5711
11 0 20.2485
11 1 84.119
11 2 16.1245
11 3 78.7147
11 4 56.0892
11 5 56.0892
11 6 99.368
11 7 16.2788
11 8 15.2643
11 9 48.4149
11 10 42.7551
11 11 0.0
11 12 103.2473
11 13 77.4661
11 14 98.1529
11 15 67.6018
11 16 53.6004
11 17 81.3019
11 18 98.7927
11 19 45.3431
11 20 48.9183
11 21 33.6155
11 22 49.6488
11 23 33.6155
11 24 94.4299
11 25 57.3149
11 26 37.9473
11 27 113.8771
11 28 26.4197
11 29 96.3172
11 30 102.8834
11 31 40.4969
11 32 66.0379
11 33 56.8859
11 34 100.2447
11 35 17.0294
11 36 38.833
11 37 40.3609
11 38 109.6586
11 39 87.2812
11 40 52.4309
11 41 29.4279
11 42 60.6053
11 43 63.0079
11 44 59.4811
11 45 52.2015
11 46 43.0116
11 47 20.0
11 48 54.3415
11 49 23.7065
12 0 83.006
12 1 22.0907
12 2 108.4066
12 3 78.4347
12 4 86.6833
12 5 49.0918
12 6 4.2426
12 7 95.5667
12 8 88.2553
12 9 89.3756
12 10 88.0909
12 11 103.2473
12 12 0.0
12 13 56.648
12 14 23.0217
12 15 66.4078
12 16 62.9682
12 17 47.4342
12 18 18.4391
12 19 62.514
12 20 59.3043
12 21 82.6196
12 22 88.6848
12 23 107.9352
12 24 29.0689
12 25 50.448
12 26 84.0238
12 27 20.0998
12 28 89.0505
12 29 17.1172
12 30 1.0
12 31 77.8974
12 32 63.6003
12 33 48.8262
12 34 70.0071
12 35 96.3846
12 36 88.0
12 37 66.9104
12 38 15.0
12 39 17.0294
12 40 66.1891
12 41 74.686
12 42 89.0449
12 43 60.4152
12 44 67.424
12 45 51.4296
12 46 71.0634
12 47 99.8599
12 48 50.2494
12 49 89.5879
13 0 61.0983
13 1 55.0364
13 2 74.0068
13 3 21.8403
13 4 95.5249
13 5 33.4215
13 6 52.811
13 7 79.3095
13 8 67.0671
13 9 40.8534
13 10 88.7299
13 11 77.4661
13 12 56.648
13 13 0.0
13 14 36.6197
13 15 85.5862
13 16 24.0416
13 17 9.434
13 18 67.4759
13 19 61.5549
13 20 61.0737
13 21 45.0444
13 22 93.3809
13 23 65.0
13 24 30.0
13 25 28.3196
13 26 81.8352
13 27 76.243
13 28 53.0377
13 29 40.2492
13 30 55.7136
13 31 38.0132
13 32 81.9878
13 33 32.0156
13 34 25.4951
13 35 63.1269
13 36 86.2148
13 37 62.2896
13 38 70.8802
13 39 42.5793
13 40 74.027
13 41 51.0784
13 42 35.609
13 43 76.6616
13 44 19.105
13 45 39.6989
13 46 71.4213
13 47 64.0078
13 48 35.4683
13 49 55.1453
14 0 78.4092
14 1 33.9706
14 2 99.93
14 3 57.7062
14 4 94.8472
14 5 42.19
14 6 20.3961
14 7 94.0053
14 8 84.2912
14 9 74.2024
14 10 93.0054
14 11 98.1529
14 12 23.0217
14 13 36.6197
14 14 0.0
14 15 77.666
14 16 49.6488
14 17 27.2029
14 18 39.2173
14 19 64.7611
14 20 62.3618
14 21 71.6938
14 22 95.2733
14 23 95.7706
14 24 6.7082
14 25 41.0
14 26 87.5557
14 27 43.0116
14 28 79.1202
14 29 6.7082
14 30 22.0227
14 31 65.7419
14 32 74.3303
14 33 41.3038
14 34 47.0425
14 35 87.9318
14 36 91.9239
14 37 68.0661
14 38 38.0132
14 39 18.4391
14 40 72.6154
14 41 68.7314
14 42 71.4493
14 43 69.9714
14 44 51.225
14 45 47.0
14 46 74.7262
14 47 90.4765
14 48 44.1022
14 49 80.3243
15 0 53.8516
15 1 45.1885
15 2 81.1542
15 3 101.951
15 4 22.3607
15 5 52.8015
15 6 64.622
15 7 52.4309
15 8 54.7814
15 9 89.1403
15 10 30.2324
15 11 67.6018
15 12 66.4078
15 13 85.5862
15 14 77.666
15 15 0.0
15 16 69.9214
15 17 81.6088
15 18 51.4782
15 19 29.0172
15 20 27.2947
15 21 72.0278
15 22 26.9258
15 23 92.1954
15 24 78.8733
15 25 58.1808
15 26 31.1448
15 27 65.0077
15 28 72.6911
15 29 71.8679
15 30 66.7308
15 31 73.171
15 32 3.6056
15 33 54.1295
15 34 110.1136
15 35 72.8011
15 36 32.6497
15 37 32.1403
15 38 63.2851
15 39 59.3633
15 40 16.2788
15 41 54.1479
15 42 97.1648
15 43 8.9443
15 44 79.6994
15 45 47.1699
15 46 25.2982
15 47 77.8845
15 48 51.0784
15 49 71.0211
16 0 37.1618
16 1 52.3927
16 2 51.6236
16 3 32.7567
16 4 75.7166
16 5 19.105
16 6 58.7282
16 7 55.4617
16 8 43.0813
16 9 26.6271
16 10 67.2681
16 11 53.6004
16 12 62.9682
16 13 24.0416
16 14 49.6488
16 15 69.9214
16 16 0.0
16 17 28.0179
16 18 67.5352
16 19 42.4853
16 20 43.0813
16 21 22.561
16 22 72.6223
16 23 46.1411
16 24 44.3847
16 25 14.5602
16 26 60.1415
16 27 79.8812
16 28 30.4138
16 29 50.2195
16 30 62.2415
16 31 16.1555
16 32 66.4831
16 33 18.2483
16 34 48.3735
16 35 40.1123
16 36 64.3506
16 37 41.8808
16 38 74.6324
16 39 46.0977
16 40 55.9464
16 41 27.2947
16 42 29.4279
16 43 61.131
16 44 9.8489
16 45 23.1948
16 46 51.3128
16 47 41.7732
16 48 20.0
16 49 32.1403
17 0 63.561
17 1 47.5184
17 2 79.511
17 3 31.0161
17 4 93.5094
17 5 31.6228
17 6 43.6807
17 7 81.3204
17 8 69.6348
17 9 48.7647
17 10 87.9204
17 11 81.3019
17 12 47.4342
17 13 9.434
17 14 27.2029
17 15 81.6088
17 16 28.0179
17 17 0.0
17 18 59.0762
17 19 59.8164
17 20 58.7963
17 21 50.3587
17 22 92.0054
17 23 72.111
17 24 20.6155
17 25 27.2947
17 26 81.3019
17 27 67.1863
17 28 58.3095
17 29 30.8707
17 30 46.4866
17 31 43.566
17 32 78.0064
17 33 30.2324
17 34 28.6531
17 35 68.1175
17 36 85.7555
17 37 61.2944
17 38 61.8466
17 39 34.0588
17 40 71.4213
17 41 53.3667
17 42 44.5982
17 43 72.8011
17 44 26.0
17 45 38.0132
17 46 70.0
17 47 69.5845
17 48 33.8378
17 49 60.1332
18 0 79.0569
18 1 15.6205
18 2 106.527
18 3 89.1067
18 4 73.0616
18 5 50.2195
18 6 19.2354
18 7 88.6397
18 8 83.5284
18 9 94.0213
18 10 76.6551
18 11 98.7927
18 12 18.4391
18 13 67.4759
18 14 39.2173
18 15 51.4782
18 16 67.5352
18 17 59.0762
18 18 0.0
18 19 54.626
18 20 51.0784
18 21 83.8689
18 22 76.0592
18 23 109.2245
18 24 44.1475
18 25 53.3385
18 26 73.7564
18 27 15.2315
18 28 89.1403
18 29 32.573
18 30 19.2094
18 31 80.4487
18 32 49.163
18 33 50.4777
18 34 84.7172
18 35 94.921
18 36 77.2787
18 37 59.5063
18 38 12.0416
18 39 25.02
18 40 54.7449
18 41 72.3464
18 42 96.0052
18 43 47.0106
18 44 74.0945
18 45 50.2494
18 46 61.4003
18 47 99.0353
18 48 50.6063
18 49 89.0955
19 0 27.4591
19 1 41.2311
19 2 56.0357
19 3 75.1798
19 4 33.9706
19 5 28.3196
19 6 59.2115
19 7 34.0147
19 8 30.4138
19 9 60.1332
19 10 28.6356
19 11 45.3431
19 12 62.514
19 13 61.5549
19 14 64.7611
19 15 29.0172
19 16 42.4853
19 17 59.8164
19 18 54.626
19 19 0.0
19 20 3.6056
19 21 43.1045
19 22 32.2025
19 23 64.5136
19 24 63.5689
19 25 33.2415
19 26 22.8035
19 27 69.857
19 28 44.3847
19 29 60.6712
19 30 62.3939
19 31 44.1814
19 32 26.0192
19 33 29.7321
19 34 86.977
19 35 46.0652
19 36 27.2029
19 37 5.0
19 38 66.1287
19 39 49.0918
19 40 13.6015
19 41 25.4951
19 42 68.4471
19 43 21.2132
19 44 52.3259
19 45 21.9317
19 46 10.2956
19 47 50.9902
19 48 26.1725
19 49 43.0116
20 0 30.8058
20 1 37.855
20 2 59.4054
20 3 75.5844
20 4 34.7131
20 5 27.6586
20 6 56.0803
20 7 37.5766
20 8 33.9411
20 9 62.0081
20 10 30.6757
20 11 48.9183
20 12 59.3043
20 13 61.0737
20 14 62.3618
20 15 27.2947
20 16 43.0813
20 17 58.7963
20 18 51.0784
20 19 3.6056
20 20 0.0
20 21 45.3982
20 22 33.6155
20 23 67.4166
20 24 61.4654
20 25 32.8024
20 26 25.318
20 27 66.3099
20 28 47.1275
20 29 58.0517
20 30 59.2115
20 31 46.0109
20 32 24.0832
20 33 29.0689
20 34 86.3713
20 35 49.2443
20 36 29.6142
20 37 8.6023
20 38 62.6259
20 39 46.2709
20 40 13.0384
20 41 28.1603
20 42 69.8713
20 43 19.0
20 44 52.9245
20 45 21.4009
20 46 12.3693
20 47 54.1202
20 48 25.6125
20 49 45.8803
21 0 23.3238
21 1 68.2495
21 2 29.1548
21 3 45.2769
21 4 70.8802
21 5 33.9411
21 6 78.4092
21 7 40.3113
21 8 27.6586
21 9 18.3848
21 10 59.6154
21 11 33.6155
21 12 82.6196
21 13 45.0444
21 14 71.6938
21 15 72.0278
21 16 22.561
21 17 50.3587
21 18 83.8689
21 19 43.1045
21 20 45.3982
21 21 0.0
21 22 66.1287
21 23 25.4558
21 24 66.7308
21 25 32.2025
21 26 52.5547
21 27 97.6217
21 28 8.0
21 29 71.5891
21 30 82.0061
21 31 7.0711
21 32 69.1158
21 33 33.9706
21 34 66.7608
21 35 18.1108
21 36 55.9464
21 37 40.0125
21 38 92.6337
21 39 65.6049
21 40 56.0089
21 41 18.1108
21 42 29.4109
21 43 64.2806
21 44 26.3059
21 45 33.8378
21 46 48.3735
21 47 19.2354
21 48 33.3017
21 49 10.198
22 0 43.4166
22 1 66.6108
22 2 65.2763
22 3 105.2093
22 4 6.7082
22 5 60.4401
22 6 86.1452
22 7 33.3766
22 8 41.3038
22 9 84.5044
22 10 7.0
22 11 49.6488
22 12 88.6848
22 13 93.3809
22 14 95.2733
22 15 26.9258
22 16 72.6223
22 17 92.0054
22 18 76.0592
22 19 32.2025
22 20 33.6155
22 21 66.1287
22 22 0.0
22 23 80.1561
22 24 94.8472
22 25 65.192
22 26 13.6015
22 27 90.4489
22 28 63.7887
22 29 90.4434
22 30 88.8144
22 31 69.7782
22 32 27.8927
22 33 61.8466
22 34 118.8697
22 35 60.208
22 36 11.0
22 37 31.1127
22 38 88.0909
22 39 78.1601
22 40 22.8035
22 41 48.7545
22 42 94.8472
22 43 29.0689
22 44 82.201
22 45 54.037
22 46 22.0227
22 47 65.123
22 48 58.258
22 49 61.3922
23 0 38.4708
23 1 93.6056
23 2 18.6011
23 3 57.2189
23 4 86.0233
23 5 59.397
23 6 103.7111
23 7 48.0521
23 8 39.0
23 9 25.02
23 10 73.171
23 11 33.6155
23 12 107.9352
23 13 65.0
23 14 95.7706
23 15 92.1954
23 16 46.1411
23 17 72.111
23 18 109.2245
23 19 64.5136
23 20 67.4166
23 21 25.4558
23 22 80.1561
23 23 0.0
23 24 90.3383
23 25 57.4891
23 26 67.0075
23 27 123.0691
23 28 20.5913
23 29 96.2549
23 30 107.2986
23 31 30.2324
23 32 89.7385
23 33 59.4138
23 34 82.0061
23 35 20.0
23 36 69.1809
23 37 60.4401
23 38 118.0889
23 39 90.9065
23 40 75.9276
23 41 39.3954
23 42 35.5106
23 43 85.44
23 44 46.1736
23 45 59.0339
23 46 67.082
23 47 15.0333
23 48 58.7282
23 49 21.5407
24 0 75.0267
24 1 36.8917
24 2 95.3362
24 3 51.0
24 4 94.8947
24 5 39.0512
24 6 26.0192
24 7 91.2688
24 8 81.0062
24 9 68.2422
24 10 92.1141
24 11 94.4299
24 12 29.0689
24 13 30.0
24 14 6.7082
24 15 78.8733
24 16 44.3847
24 17 20.6155
24 18 44.1475
24 19 63.5689
24 20 61.4654
24 21 66.7308
24 22 94.8472
24 23 90.3383
24 24 0.0
24 25 37.1214
24 26 86.3308
24 27 49.163
24 28 74.3303
24 29 12.0
24 30 28.0713
24 31 60.5392
24 32 75.4321
24 33 38.0132
24 34 41.0122
24 35 83.4326
24 36 90.7579
24 37 66.4831
24 38 44.0454
24 39 21.095
24 40 72.4707
24 41 65.123
24 42 65.0538
24 43 70.8025
24 44 45.2217
24 45 44.4072
24 46 73.736
24 47 85.7263
24 48 41.1096
24 49 75.6902
25 0 38.0132
25 1 38.0132
25 2 59.2368
25 3 43.9659
25 4 67.2086
25 5 5.3852
25 6 46.2277
25 7 54.9181
25 8 44.0454
25 9 40.7063
25 10 60.803
25 11 57.3149
25 12 50.448
25 13 28.3196
25 14 41.0
25 15 58.1808
25 16 14.5602
25 17 27.2947
25 18 53.3385
25 19 33.2415
25 20 32.8024
25 21 32.2025
25 22 65.192
25 23 57.4891
25 24 37.1214
25 25 0.0
25 26 54.0833
25 27 66.2193
25 28 38.9487
25 29 39.9249
25 30 49.8197
25 31 27.5862
25 32 54.626
25 33 4.1231
25 34 53.7401
25 35 47.1699
25 36 58.5235
25 37 34.2053
25 38 61.0737
25 39 33.4215
25 40 45.8039
25 41 28.0179
25 42 43.9318
25 43 49.2443
25 44 23.0
25 45 11.4018
25 46 43.1856
25 47 50.0899
25 48 7.2111
25 49 39.8121
26 0 29.8329
26 1 62.1289
26 2 52.9528
26 3 92.4554
26 4 19.0263
26 5 49.7393
26 6 81.0062
26 7 21.9317
26 8 28.0179
26 9 70.9366
26 10 7.2111
26 11 37.9473
26 12 84.0238
26 13 81.8352
26 14 87.5557
26 15 31.1448
26 16 60.1415
26 17 81.3019
26 18 73.7564
26 19 22.8035
26 20 25.318
26 21 52.5547
26 22 13.6015
26 23 67.0075
26 24 86.3308
26 25 54.0833
26 26 0.0
26 27 88.7694
26 28 50.2195
26 29 83.3607
26 30 84.006
26 31 56.356
26 32 30.4795
26 33 51.1077
26 34 107.2986
26 35 47.0106
26 36 4.4721
26 37 20.1246
26 38 85.703
26 39 71.5681
26 40 19.3132
26 41 35.3553
26 42 81.3941
26 43 29.1548
26 44 69.527
26 45 43.4166
26 46 13.0384
26 47 52.0
26 48 47.5079
26 49 47.8539
27 0 94.0319
27 1 30.0
27 2 121.2106
27 3 98.0816
27 4 87.0517
27 5 63.7024
27 6 23.5372
27 7 103.8701
27 8 98.6154
27 9 106.5082
27 10 91.4112
27 11 113.8771
27 12 20.0998
27 13 76.243
27 14 43.0116
27 15 65.0077
27 16 79.8812
27 17 67.1863
27 18 15.2315
27 19 69.857
27 20 66.3099
27 21 97.6217
27 22 90.4489
27 23 123.0691
27 24 49.163
27 25 66.2193
27 26 88.7694
27 27 0.0
27 28 103.2763
27 29 37.2156
27 30 21.095
27 31 93.723
27 32 63.0317
27 33 63.7809
27 34 90.05
27 35 109.4806
27 36 92.1954
27 37 74.7329
27 38 5.3852
27 39 34.4384
27 40 69.6348
27 41 87.0057
27 42 107.3546
27 43 61.4003
27 44 85.4751
27 45 64.4438
27 46 76.5376
27 47 113.4548
27 48 64.3506
27 49 103.3925
28 0 20.3961
28 1 73.5527
28 2 21.2132
28 3 52.3259
28 4 69.0507
28 5 40.0
28 6 84.8764
28 7 35.2278
28 8 23.2594
28 9 22.6716
28 10 57.0088
28 11 26.4197
28 12 89.0505
28 13 53.0377
28 14 79.1202
28 15 72.6911
28 16 30.4138
28 17 58.3095
28 18 89.1403
28 19 44.3847
28 20 47.1275
28 21 8.0
28 22 63.7887
28 23 20.5913
28 24 74.3303
28 25 38.9487
28 26 50.2195
28 27 103.2763
28 28 0.0
28 29 78.721
28 30 88.4816
28 31 15.0333
28 32 70.0357
28 33 40.2244
28 34 74.4648
28 35 10.198
28 36 53.1601
28 37 40.6079
28 38 98.4124
28 39 72.111
28 40 56.4358
28 41 18.9737
28 42 34.6554
28 43 65.5134
28 44 34.2345
28 45 38.8973
28 46 48.0416
28 47 11.4018
28 48 39.0512
28 49 2.8284
29 0 76.2955
29 1 27.5862
29 2 99.1615
29 3 61.8466
29 4 89.6939
29 5 40.2616
29 6 14.0357
29 7 91.1373
29 8 82.0366
29 9 75.743
29 10 88.5268
29 11 96.3172
29 12 17.1172
29 13 40.2492
29 14 6.7082
29 15 71.8679
29 16 50.2195
29 17 30.8707
29 18 32.573
29 19 60.6712
29 20 58.0517
29 21 71.5891
29 22 90.4434
29 23 96.2549
29 24 12.0
29 25 39.9249
29 26 83.3607
29 27 37.2156
29 28 78.721
29 29 0.0
29 30 16.1245
29 31 66.0379
29 32 68.6003
29 33 39.5601
29 34 53.0094
29 35 87.0919
29 36 87.6641
29 37 64.2806
29 38 32.0624
29 39 12.53
29 40 67.6757
29 41 66.9403
29 42 74.027
29 43 64.4127
29 44 53.0377
29 45 44.4072
29 46 70.406
29 47 89.9611
29 48 41.9762
29 49 79.7057
30 0 82.6378
30 1 22.2036
30 2 107.912
30 3 77.4919
30 4 86.885
30 5 48.5489
30 6 3.6056
30 7 95.3415
30 8 87.9204
30 9 88.6172
30 10 88.1419
30 11 102.8834
30 12 1.0
30 13 55.7136
30 14 22.0227
30 15 66.7308
30 16 62.2415
30 17 46.4866
30 18 19.2094
30 19 62.3939
30 20 59.2115
30 21 82.0061
30 22 88.8144
30 23 107.2986
30 24 28.0713
30 25 49.8197
30 26 84.006
30 27 21.095
30 28 88.4816
30 29 16.1245
30 30 0.0
30 31 77.2334
30 32 63.8905
30 33 48.2597
30 34 69.0072
30 35 95.8801
30 36 88.0057
30 37 66.7533
30 38 16.0
30 39 16.4012
30 40 66.2722
30 41 74.2496
30 42 88.2043
30 43 60.6383
30 44 66.6108
30 45 50.9902
30 46 71.0282
30 47 99.3227
30 48 49.7393
30 49 89.0449
31 0 28.3196
31 1 64.8999
31 2 36.0555
31 3 38.833
31 4 74.0945
31 5 30.2324
31 6 73.6614
31 7 46.0977
31 8 33.3017
31 9 16.0
31 10 63.5295
31 11 40.4969
31 12 77.8974
31 13 38.0132
31 14 65.7419
31 15 73.171
31 16 16.1555
31 17 43.566
31 18 80.4487
31 19 44.1814
31 20 46.0109
31 21 7.0711
31 22 69.7782
31 23 30.2324
31 24 60.5392
31 25 27.5862
31 26 56.356
31 27 93.723
31 28 15.0333
31 29 66.0379
31 30 77.2334
31 31 0.0
31 32 70.0643
31 33 30.0
31 34 59.7746
31 35 25.1794
31 36 60.0333
31 37 41.7732
31 38 88.6172
31 39 60.8769
31 40 57.5587
31 41 21.0238
31 42 25.0799
31 43 65.0077
31 44 19.2354
31 45 31.3847
31 46 50.6952
31 47 26.0768
31 48 30.0167
31 49 17.2627
32 0 51.5461
32 1 42.1545
32 2 79.2023
32 3 98.4327
32 4 24.0208
32 5 49.2443
32 6 61.6847
32 7 51.225
32 8 52.8015
32 9 86.0523
32 10 30.4138
32 11 66.0379
32 12 63.6003
32 13 81.9878
32 14 74.3303
32 15 3.6056
32 16 66.4831
32 17 78.0064
32 18 49.163
32 19 26.0192
32 20 24.0832
32 21 69.1158
32 22 27.8927
32 23 89.7385
32 24 75.4321
32 25 54.626
32 26 30.4795
32 27 63.0317
32 28 70.0357
32 29 68.6003
32 30 63.8905
32 31 70.0643
32 32 0.0
32 33 50.5668
32 34 106.5082
32 35 70.5195
32 36 32.45
32 37 29.4279
32 38 61.0737
32 39 56.0803
32 40 13.9284
32 41 51.3517
32 42 93.9042
32 43 5.3852
32 44 76.243
32 45 43.6578
32 46 23.2594
32 47 75.5844
32 48 47.5395
32 49 68.4471
33 0 37.1214
33 1 34.9857
33 2 59.9333
33 3 48.0833
33 4 63.6396
33 5 1.4142
33 6 44.6542
33 7 53.3385
33 8 43.0465
33 9 43.8634
33 10 57.6888
33 11 56.8859
33 12 48.8262
33 13 32.0156
33 14 41.3038
33 15 54.1295
33 16 18.2483
33 17 30.2324
33 18 50.4777
33 19 29.7321
33 20 29.0689
33 21 33.9706
33 22 61.8466
33 23 59.4138
33 24 38.0132
33 25 4.1231
33 26 51.1077
33 27 63.7809
33 28 40.2244
33 29 39.5601
33 30 48.2597
33 31 30.0
33 32 50.5668
33 33 0.0
33 34 57.3149
33 35 47.8539
33 36 55.5698
33 37 31.0644
33 38 58.7282
33 39 31.9061
33 40 42.0119
33 41 27.4591
33 42 47.676
33 43 45.1885
33 44 27.0185
33 45 7.8102
33 46 39.8246
33 47 51.1077
33 48 3.6056
33 49 40.8167
34 0 85.4225
34 1 75.0
34 2 94.3663
34 3 25.318
34 4 120.9339
34 5 58.7282
34 6 67.0298
34 7 103.769
34 8 91.236
34 9 57.0351
34 10 114.2147
34 11 100.2447
34 12 70.0071
34 13 25.4951
34 14 47.0425
34 15 110.1136
34 16 48.3735
34 17 28.6531
34 18 84.7172
34 19 86.977
34 20 86.3713
34 21 66.7608
34 22 118.8697
34 23 82.0061
34 24 41.0122
34 25 53.7401
34 26 107.2986
34 27 90.05
34 28 74.4648
34 29 53.0094
34 30 69.0072
34 31 59.7746
34 32 106.5082
34 33 57.3149
34 34 0.0
34 35 84.6463
34 36 111.6647
34 37 87.7838
34 38 85.0059
34 39 60.208
34 40 99.2472
34 41 75.6637
34 42 47.2652
34 43 101.2571
34 44 40.8534
34 45 65.0692
34 46 96.8969
34 47 84.5281
34 48 60.8276
34 49 76.922
35 0 18.9737
35 1 79.511
35 2 12.083
35 3 62.2415
35 4 66.0303
35 5 47.4131
35 6 92.2822
35 7 28.7924
35 8 19.0
35 9 31.4006
35 10 53.2353
35 11 17.0294
35 12 96.3846
35 13 63.1269
35 14 87.9318
35 15 72.8011
35 16 40.1123
35 17 68.1175
35 18 94.921
35 19 46.0652
35 20 49.2443
35 21 18.1108
35 22 60.208
35 23 20.0
35 24 83.4326
35 25 47.1699
35 26 47.0106
35 27 109.4806
35 28 10.198
35 29 87.0919
35 30 95.8801
35 31 25.1794
35 32 70.5195
35 33 47.8539
35 34 84.6463
35 35 0.0
35 36 49.2544
35 37 41.6293
35 38 104.8094
35 39 79.6492
35 40 56.6127
35 41 22.6274
35 42 43.6005
35 43 66.4831
35 44 44.4072
35 45 45.2217
35 46 47.5395
35 47 5.099
35 48 46.1411
35 49 8.0
36 0 32.8938
36 1 66.0303
36 2 54.3323
36 3 96.5401
36 4 17.2627
36 5 54.2033
36 6 85.0529
36 7 22.561
36 8 30.4138
36 9 74.3236
36 10 4.0
36 11 38.833
36 12 88.0
36 13 86.2148
36 14 91.9239
36 15 32.6497
36 16 64.3506
36 17 85.7555
36 18 77.2787
36 19 27.2029
36 20 29.6142
36 21 55.9464
36 22 11.0
36 23 69.1809
36 24 90.7579
36 25 58.5235
36 26 4.4721
36 27 92.1954
36 28 53.1601
36 29 87.6641
36 30 88.0057
36 31 60.0333
36 32 32.45
36 33 55.5698
36 34 111.6647
36 35 49.2544
36 36 0.0
36 37 24.5967
36 38 89.2693
36 39 75.8024
36 40 22.561
36 41 39.1152
36 42 85.0
36 43 31.7805
36 44 73.6614
36 45 47.8853
36 46 17.2627
36 47 54.1479
36 48 51.9711
36 49 50.6952
37 0 22.8254
37 1 45.8803
37 2 51.3128
37 3 74.6257
37 4 33.8378
37 5 29.6816
37 6 63.5059
37 7 29.1548
37 8 25.4951
37 9 57.5587
37 10 26.6271
37 11 40.3609
37 12 66.9104
37 13 62.2896
37 14 68.0661
37 15 32.1403
37 16 41.8808
37 17 61.2944
37 18 59.5063
37 19 5.0
37 20 8.6023
37 21 40.0125
37 22 31.1127
37 23 60.4401
37 24 66.4831
37 25 34.2053
37 26 20.1246
37 27 74.7329
37 28 40.6079
37 29 64.2806
37 30 66.7533
37 31 41.7732
37 32 29.4279
37 33 31.0644
37 34 87.7838
37 35 41.6293
37 36 24.5967
37 37 0.0
37 38 70.9366
37 39 53.0
37 40 16.0
37 41 22.0227
37 42 66.4831
37 43 25.0
37 44 51.6236
37 45 23.3238
37 46 9.434
37 47 46.6154
37 48 27.4591
37 49 39.0512
38 0 89.6939
38 1 25.5539
38 2 116.6062
38 3 92.72
38 4 85.0235
38 5 58.6941
38 6 18.2483
38 7 100.09
38 8 94.414
38 9 101.2571
38 10 88.6848
38 11 109.6586
38 12 15.0
38 13 70.8802
38 14 38.0132
38 15 63.2851
38 16 74.6324
38 17 61.8466
38 18 12.0416
38 19 66.1287
38 20 62.6259
38 21 92.6337
38 22 88.0909
38 23 118.0889
38 24 44.0454
38 25 61.0737
38 26 85.703
38 27 5.3852
38 28 98.4124
38 29 32.0624
38 30 16.0
38 31 88.6172
38 32 61.0737
38 33 58.7282
38 34 85.0059
38 35 104.8094
38 36 89.2693
38 37 70.9366
38 38 0.0
38 39 29.0689
38 40 66.7533
38 41 82.4197
38 42 102.0
38 43 59.0339
38 44 80.1311
38 45 59.6657
38 46 73.2462
38 47 108.706
38 48 59.4138
38 49 98.5951
39 0 67.0522
39 1 15.8114
39 2 91.7061
39 3 64.3273
39 4 77.2528
39 5 32.249
39 6 12.8062
39 7 80.7527
39 8 72.5328
39 9 72.6223
39 10 76.4853
39 11 87.2812
39 12 17.0294
39 13 42.5793
39 14 18.4391
39 15 59.3633
39 16 46.0977
39 17 34.0588
39 18 25.02
39 19 49.0918
39 20 46.2709
39 21 65.6049
39 22 78.1601
39 23 90.9065
39 24 21.095
39 25 33.4215
39 26 71.5681
39 27 34.4384
39 28 72.111
39 29 12.53
39 30 16.4012
39 31 60.8769
39 32 56.0803
39 33 31.9061
39 34 60.208
39 35 79.6492
39 36 75.8024
39 37 53.0
39 38 29.0689
39 39 0.0
39 40 55.3624
39 41 58.3095
39 42 72.9452
39 43 51.8845
39 44 51.1077
39 45 35.1141
39 46 58.5491
39 47 83.006
39 48 33.541
39 49 72.7186
40 0 37.6431
40 1 44.1022
40 2 65.307
40 3 88.5494
40 4 22.4722
40 5 40.6079
40 6 63.5059
40 7 38.1838
40 8 38.9102
40 9 73.437
40 10 22.0227
40 11 52.4309
40 12 66.1891
40 13 74.027
40 14 72.6154
40 15 16.2788
40 16 55.9464
40 17 71.4213
40 18 54.7449
40 19 13.6015
40 20 13.0384
40 21 56.0089
40 22 22.8035
40 23 75.9276
40 24 72.4707
40 25 45.8039
40 26 19.3132
40 27 69.6348
40 28 56.4358
40 29 67.6757
40 30 66.2722
40 31 57.5587
40 32 13.9284
40 33 42.0119
40 34 99.2472
40 35 56.6127
40 36 22.561
40 37 16.0
40 38 66.7533
40 39 55.3624
40 40 0.0
40 41 38.0132
40 42 82.0
40 43 10.6301
40 44 65.7951
40 45 34.4093
40 46 9.434
40 47 61.6847
40 48 38.6005
40 49 54.7449
41 0 10.198
41 1 57.0088
41 2 34.2053
41 3 57.9828
41 4 53.1413
41 5 26.6833
41 6 70.6824
41 7 28.2312
41 8 16.2788
41 9 36.1386
41 10 42.5441
41 11 29.4279
41 12 74.686
41 13 51.0784
41 14 68.7314
41 15 54.1479
41 16 27.2947
41 17 53.3667
41 18 72.3464
41 19 25.4951
41 20 28.1603
41 21 18.1108
41 22 48.7545
41 23 39.3954
41 24 65.123
41 25 28.0179
41 26 35.3553
41 27 87.0057
41 28 18.9737
41 29 66.9403
41 30 74.2496
41 31 21.0238
41 32 51.3517
41 33 27.4591
41 34 75.6637
41 35 22.6274
41 36 39.1152
41 37 22.0227
41 38 82.4197
41 39 58.3095
41 40 38.0132
41 41 0.0
41 42 46.0977
41 43 46.6905
41 44 35.609
41 45 23.2594
41 46 30.2655
41 47 27.0185
41 48 25.0
41 49 17.8885
42 0 52.6972
42 1 81.2712
42 2 50.5668
42 3 22.0227
42 4 99.1615
42 5 48.5077
42 6 84.9058
42 7 69.527
42 8 57.0088
42 9 12.2066
42 10 88.5494
42 11 60.6053
42 12 89.0449
42 13 35.609
42 14 71.4493
42 15 97.1648
42 16 29.4279
42 17 44.5982
42 18 96.0052
42 19 68.4471
42 20 69.8713
42 21 29.4109
42 22 94.8472
42 23 35.5106
42 24 65.0538
42 25 43.9318
42 26 81.3941
42 27 107.3546
42 28 34.6554
42 29 74.027
42 30 88.2043
42 31 25.0799
42 32 93.9042
42 33 47.676
42 34 47.2652
42 35 43.6005
42 36 85.0
42 37 66.4831
42 38 102.0
42 39 72.9452
42 40 82.0
42 41 46.0977
42 42 0.0
42 43 88.6848
42 44 21.9317
42 45 52.0384
42 46 75.5844
42 47 41.6773
42 48 49.2544
42 49 37.4833
43 0 47.5395
43 1 38.6005
43 2 75.591
43 3 93.0484
43 4 26.3059
43 5 43.8634
43 6 58.2409
43 7 48.7955
43 8 49.2443
43 9 81.0062
43 10 30.3645
43 11 63.0079
43 12 60.4152
43 13 76.6616
43 14 69.9714
43 15 8.9443
43 16 61.131
43 17 72.8011
43 18 47.0106
43 19 21.2132
43 20 19.0
43 21 64.2806
43 22 29.0689
43 23 85.44
43 24 70.8025
43 25 49.2443
43 26 29.1548
43 27 61.4003
43 28 65.5134
43 29 64.4127
43 30 60.6383
43 31 65.0077
43 32 5.3852
43 33 45.1885
43 34 101.2571
43 35 66.4831
43 36 31.7805
43 37 25.0
43 38 59.0339
43 39 51.8845
43 40 10.6301
43 41 46.6905
43 42 88.6848
43 43 0.0
43 44 70.8802
43 45 38.2753
43 46 20.0
43 47 71.5122
43 48 42.1545
43 49 64.0312
44 0 44.9444
44 1 59.4811
44 2 55.0091
44 3 23.0217
44 4 85.44
44 5 28.0713
44 6 63.2456
44 7 63.2851
44 8 50.6063
44 9 23.0217
44 10 76.6942
44 11 59.4811
44 12 67.424
44 13 19.105
44 14 51.225
44 15 79.6994
44 16 9.8489
44 17 26.0
44 18 74.0945
44 19 52.3259
44 20 52.9245
44 21 26.3059
44 22 82.201
44 23 46.1736
44 24 45.2217
44 25 23.0
44 26 69.527
44 27 85.4751
44 28 34.2345
44 29 53.0377
44 30 66.6108
44 31 19.2354
44 32 76.243
44 33 27.0185
44 34 40.8534
44 35 44.4072
44 36 73.6614
44 37 51.6236
44 38 80.1311
44 39 51.1077
44 40 65.7951
44 41 35.609
44 42 21.9317
44 43 70.8802
44 44 0.0
44 45 32.7567
44 46 61.0574
44 47 45.0111
44 48 29.2746
44 49 36.4966
45 0 32.0156
45 1 34.6554
45 2 57.1402
45 3 54.7814
45 4 55.8659
45 5 6.4031
45 6 47.4236
45 7 47.0106
45 8 37.6563
45 9 46.5725
45 10 49.93
45 11 52.2015
45 12 51.4296
45 13 39.6989
45 14 47.0
45 15 47.1699
45 16 23.1948
45 17 38.0132
45 18 50.2494
45 19 21.9317
45 20 21.4009
45 21 33.8378
45 22 54.037
45 23 59.0339
45 24 44.4072
45 25 11.4018
45 26 43.4166
45 27 64.4438
45 28 38.8973
45 29 44.4072
45 30 50.9902
45 31 31.3847
45 32 43.6578
45 33 7.8102
45 34 65.0692
45 35 45.2217
45 36 47.8853
45 37 23.3238
45 38 59.6657
45 39 35.1141
45 40 34.4093
45 41 23.2594
45 42 52.0384
45 43 38.2753
45 44 32.7567
45 45 0.0
45 46 32.0156
45 47 49.0408
45 48 4.2426
45 49 38.9487
46 0 28.6356
46 1 49.2544
46 2 55.9464
46 3 84.0595
46 4 24.4131
46 5 38.4187
46 6 68.0
46 7 29.0689
46 8 29.5466
46 9 66.2873
46 10 18.3848
46 11 43.0116
46 12 71.0634
46 13 71.4213
46 14 74.7262
46 15 25.2982
46 16 51.3128
46 17 70.0
46 18 61.4003
46 19 10.2956
46 20 12.3693
46 21 48.3735
46 22 22.0227
46 23 67.082
46 24 73.736
46 25 43.1856
46 26 13.0384
46 27 76.5376
46 28 48.0416
46 29 70.406
46 30 71.0282
46 31 50.6952
46 32 23.2594
46 33 39.8246
46 34 96.8969
46 35 47.5395
46 36 17.2627
46 37 9.434
46 38 73.2462
46 39 58.5491
46 40 9.434
46 41 30.2655
46 42 75.5844
46 43 20.0
46 44 61.0574
46 45 32.0156
46 46 0.0
46 47 52.6308
46 48 36.2353
46 49 46.1736
47 0 24.0416
47 1 83.5464
47 2 10.0
47 3 61.3514
47 4 71.007
47 5 50.774
47 6 95.7183
47 7 33.2415
47 8 24.0208
47 9 29.5296
47 10 58.1378
47 11 20.0
47 12 99.8599
47 13 64.0078
47 14 90.4765
47 15 77.8845
47 16 41.7732
47 17 69.5845
47 18 99.0353
47 19 50.9902
47 20 54.1202
47 21 19.2354
47 22 65.123
47 23 15.0333
47 24 85.7263
47 25 50.0899
47 26 52.0
47 27 113.4548
47 28 11.4018
47 29 89.9611
47 30 99.3227
47 31 26.0768
47 32 75.5844
47 33 51.1077
47 34 84.5281
47 35 5.099
47 36 54.1479
47 37 46.6154
47 38 108.706
47 39 83.006
47 40 61.6847
47 41 27.0185
47 42 41.6773
47 43 71.5122
47 44 45.0111
47 45 49.0408
47 46 52.6308
47 47 0.0
47 48 49.6488
47 49 10.2956
48 0 34.3657
48 1 35.0
48 2 58.1808
48 3 50.9215
48 4 60.1082
48 5 2.2361
48 6 46.1411
48 7 50.1597
48 8 40.1995
48 9 44.5982
48 10 54.0833
48 11 54.3415
48 12 50.2494
48 13 35.4683
48 14 44.1022
48 15 51.0784
48 16 20.0
48 17 33.8378
48 18 50.6063
48 19 26.1725
48 20 25.6125
48 21 33.3017
48 22 58.258
48 23 58.7282
48 24 41.1096
48 25 7.2111
48 26 47.5079
48 27 64.3506
48 28 39.0512
48 29 41.9762
48 30 49.7393
48 31 30.0167
48 32 47.5395
48 33 3.6056
48 34 60.8276
48 35 46.1411
48 36 51.9711
48 37 27.4591
48 38 59.4138
48 39 33.541
48 40 38.6005
48 41 25.0
48 42 49.2544
48 43 42.1545
48 44 29.2746
48 45 4.2426
48 46 36.2353
48 47 49.6488
48 48 0.0
48 49 39.4081
49 0 18.1108
49 1 73.5527
49 2 19.6469
49 3 55.0091
49 4 66.7533
49 5 40.4969
49 6 85.44
49 7 32.45
49 8 20.6155
49 9 25.4951
49 10 54.5711
49 11 23.7065
49 12 89.5879
49 13 55.1453
49 14 80.3243
49 15 71.0211
49 16 32.1403
49 17 60.1332
49 18 89.0955
49 19 43.0116
49 20 45.8803
49 21 10.198
49 22 61.3922
49 23 21.5407
49 24 75.6902
49 25 39.8121
49 26 47.8539
49 27 103.3925
49 28 2.8284
49 29 79.7057
49 30 89.0449
49 31 17.2627
49 32 68.4471
49 33 40.8167
49 34 76.922
49 35 8.0
49 36 50.6952
49 37 39.0512
49 38 98.5951
49 39 72.7186
49 40 54.7449
49 41 17.8885
49 42 37.4833
49 43 64.0312
49 44 36.4966
49 45 38.9487
49 46 46.1736
49 47 10.2956
49 48 39.4081
49 49 0.0
